((3, 2), (4, 2), (5, 6)), (424.75, 736.1695276765516), (10.278518077088387, -121.35032344318392)
((3, 2), (4, 2), (6, 5)), (424.75, 736.1695276765516), (13.613787242746943, -121.35681013954527)
((3, 2), (4, 2), (4, 7)), (424.75, 736.1695276765516), (9.41075304243563, -132.82414799468978)
((3, 2), (4, 2), (6, 6)), (424.75, 736.1695276765516), (20.09512640071898, -121.39278688423771)
((3, 2), (4, 2), (7, 6)), (346.25, 699.7964607176052), (39.86675892222564, -119.71939626318637)
((3, 2), (4, 2), (7, 8)), (424.75, 736.1695276765516), (20.997258536721404, -135.96197336128134)
((3, 2), (4, 2), (7, 7)), (346.25, 699.7964607176052), (46.43464955736649, -123.66813920228627)
((3, 2), (4, 2), (6, 8)), (424.75, 736.1695276765516), (11.591523516174684, -143.3853357260682)
((3, 2), (4, 2), (6, 9)), (424.75, 736.1695276765516), (11.15883556817369, -149.0833346417781)
((3, 2), (4, 2), (5, 8)), (424.75, 736.1695276765516), (11.057918104838485, -150.47415080440666)
((3, 2), (4, 2), (9, 7)), (346.25, 699.7964607176052), (55.74814301317235, -131.2153796348919)
((3, 2), (4, 2), (9, 8)), (346.25, 699.7964607176052), (52.384192313249734, -136.84038829347992)
((3, 2), (4, 2), (8, 8)), (346.25, 699.7964607176052), (47.811079872229435, -137.893542726252)
((3, 2), (4, 2), (8, 9)), (424.75, 736.1695276765516), (31.817410146229292, -150.62198741929151)
((3, 2), (4, 2), (10, 9)), (346.25, 699.7964607176052), (58.64551520029373, -144.81213656130066)
((3, 2), (4, 2), (5, 9)), (424.75, 736.1695276765516), (10.863924514787888, -153.2179376686305)
((3, 2), (4, 2), (7, 10)), (424.75, 736.1695276765516), (26.23099464025372, -154.633790082509)
((3, 2), (5, 2), (5, 6)), (424.75, 736.1695276765516), (10.278518077088387, -121.35032344318392)
((3, 2), (5, 2), (6, 5)), (424.75, 736.1695276765516), (13.613787242746943, -121.35681013954527)
((3, 2), (5, 2), (4, 7)), (424.75, 736.1695276765516), (9.41075304243563, -132.82414799468978)
((3, 2), (5, 2), (6, 6)), (424.75, 736.1695276765516), (20.09512640071898, -121.39278688423771)
((3, 2), (5, 2), (7, 6)), (424.75, 736.1695276765516), (25.379228502433538, -126.49533899619567)
((3, 2), (5, 2), (7, 8)), (424.75, 736.1695276765516), (20.997258536721404, -135.96197336128134)
((3, 2), (5, 2), (7, 7)), (424.75, 736.1695276765516), (33.164332633118036, -129.92359943522962)
((3, 2), (5, 2), (6, 8)), (424.75, 736.1695276765516), (11.591523516174684, -143.3853357260682)
((3, 2), (5, 2), (6, 9)), (424.75, 736.1695276765516), (11.15883556817369, -149.0833346417781)
((3, 2), (5, 2), (5, 8)), (424.75, 736.1695276765516), (11.057918104838485, -150.47415080440666)
((3, 2), (5, 2), (9, 7)), (424.75, 736.1695276765516), (44.20092912804996, -136.67291784522547)
((3, 2), (5, 2), (9, 8)), (424.75, 736.1695276765516), (40.62849483970735, -142.39448836500628)
((3, 2), (5, 2), (8, 8)), (424.75, 736.1695276765516), (35.56948642665532, -143.65251345082424)
((3, 2), (5, 2), (8, 9)), (424.75, 736.1695276765516), (31.817410146229292, -150.62198741929151)
((3, 2), (5, 2), (10, 9)), (424.75, 736.1695276765516), (47.955575765012085, -149.8686513162181)
((3, 2), (5, 2), (5, 9)), (424.75, 736.1695276765516), (10.863924514787888, -153.2179376686305)
((3, 2), (5, 2), (9, 9)), (424.75, 736.1695276765516), (36.322196122486226, -152.0977165597784)
((3, 2), (5, 2), (7, 10)), (424.75, 736.1695276765516), (26.23099464025372, -154.633790082509)
((3, 2), (6, 3), (5, 6)), (432.5, 650.0), (10.304754381949706, -102.06737499814454)
((3, 2), (6, 3), (6, 5)), (432.5, 650.0), (14.214476197246599, -102.08126355211017)
((3, 2), (6, 3), (4, 7)), (432.5, 650.0), (9.143999650360955, -115.4723241489366)
((3, 2), (6, 3), (6, 6)), (432.5, 650.0), (21.661148772696343, -102.16534985790616)
((3, 2), (3, 4), (5, 6)), (361.5766062413412, 657.75), (25.669929271505946, -104.13552369097971)
((3, 2), (3, 4), (6, 5)), (361.5766062413412, 657.75), (28.96066325638339, -104.25396018493879)
((3, 2), (3, 4), (4, 7)), (361.5766062413412, 657.75), (23.271705154764806, -117.22702940760502)
((3, 2), (3, 4), (6, 6)), (361.5766062413412, 657.75), (35.10317356455023, -104.6084260486919)
((3, 2), (3, 4), (7, 6)), (361.5766062413412, 657.75), (39.43457807823499, -110.68673477704817)
((3, 2), (3, 4), (7, 8)), (361.5766062413412, 657.75), (34.41502700666528, -121.0368568816728)
((3, 2), (3, 4), (7, 7)), (361.5766062413412, 657.75), (46.18452552737423, -115.02764818069906)
((3, 2), (3, 4), (6, 8)), (361.5766062413412, 657.75), (24.33309384443454, -129.06798658480085)
((3, 2), (3, 4), (6, 9)), (361.5766062413412, 657.75), (23.334458422485785, -135.35268595895087)
((3, 2), (3, 4), (5, 8)), (361.5766062413412, 657.75), (23.10187827414419, -136.87963949751077)
((3, 2), (3, 4), (9, 7)), (361.5766062413412, 657.75), (55.6302792135606, -123.22695405874494)
((3, 2), (3, 4), (9, 8)), (361.5766062413412, 657.75), (52.17419669015842, -129.09481106492254)
((3, 2), (3, 4), (8, 8)), (361.5766062413412, 657.75), (47.482974123575026, -130.14462317245125)
((3, 2), (3, 4), (10, 9)), (361.5766062413412, 657.75), (58.49798240578266, -137.5608949137731)
((3, 2), (3, 4), (5, 9)), (361.5766062413412, 657.75), (22.655320348458606, -139.8843439786296)
((3, 2), (3, 4), (8, 10)), (361.5766062413412, 657.75), (38.18961778719165, -140.22248892195825)
((3, 2), (3, 4), (7, 10)), (361.5766062413412, 657.75), (37.890108527343884, -141.6810218636811)
((3, 2), (5, 4), (6, 5)), (432.5, 650.0), (18.00638792664187, -102.11145340948768)
((3, 2), (5, 4), (6, 6)), (432.5, 650.0), (21.661148772696343, -102.16534985790616)
((3, 2), (5, 4), (5, 6)), (432.5, 650.0), (17.695894253757956, -104.12673737849201)
((4, 2), (5, 2), (5, 6)), (474.75, 736.1695276765516), (0.05150509325522208, -121.34720042297938)
((4, 2), (5, 2), (6, 5)), (474.75, 736.1695276765516), (3.4823096660019455, -121.3472415710887)
((4, 2), (5, 2), (4, 7)), (474.75, 736.1695276765516), (0.04705528369186663, -132.82247444299927)
((4, 2), (5, 2), (6, 6)), (474.75, 736.1695276765516), (10.278518077088387, -121.35032344318392)
((4, 2), (5, 2), (7, 6)), (474.75, 736.1695276765516), (16.26110692187407, -126.41012080360404)
((4, 2), (5, 2), (7, 8)), (474.75, 736.1695276765516), (12.20890375350602, -135.9277218442782)
((4, 2), (5, 2), (7, 7)), (396.25, 699.7964607176052), (39.12847894487674, -123.06340937777665)
((4, 2), (5, 2), (6, 8)), (474.75, 736.1695276765516), (2.9483273921627604, -143.3822864209127)
((4, 2), (5, 2), (6, 9)), (474.75, 736.1695276765516), (2.8357985539440023, -149.0810046929264)
((4, 2), (5, 2), (5, 8)), (474.75, 736.1695276765516), (2.809621499224777, -150.47196572571744)
((4, 2), (5, 2), (9, 7)), (396.25, 699.7964607176052), (49.498112235907634, -130.420094198323)
((4, 2), (5, 2), (9, 8)), (396.25, 699.7964607176052), (45.92906065045788, -136.24564858022165)
((4, 2), (5, 2), (8, 8)), (396.25, 699.7964607176052), (40.99409300352492, -137.4384678415553)
((4, 2), (5, 2), (8, 9)), (425.0, 707.5), (32.65277706968881, -145.81426430640613)
((4, 2), (5, 2), (10, 9)), (396.25, 699.7964607176052), (52.81428000729617, -144.15579884559418)
((4, 2), (5, 2), (5, 9)), (474.75, 736.1695276765516), (2.759369211719313, -153.21600934667032)
((4, 2), (5, 2), (9, 9)), (474.75, 736.1695276765516), (29.133107972176372, -151.952869595633)
((4, 2), (5, 2), (7, 9)), (474.75, 736.1695276765516), (13.532185874996287, -153.22066247324852)
((4, 2), (5, 2), (7, 10)), (474.75, 736.1695276765516), (16.04069113966639, -154.578719230059)
((4, 2), (6, 3), (5, 6)), (511.16952767655164, 699.75), (-7.921474552829918, -113.59785119425773)
((4, 2), (6, 3), (6, 5)), (474.7964607176052, 678.75), (3.8688021316940278, -108.87692852699345)
((4, 2), (6, 3), (4, 7)), (511.16952767655164, 699.75), (-7.16570054556496, -125.78155660333327)
((4, 2), (6, 3), (6, 6)), (474.7964607176052, 678.75), (11.401877508466123, -108.88338815417978)
((4, 2), (6, 3), (7, 6)), (474.7964607176052, 678.75), (17.80770310199141, -114.5069263641447)
((4, 2), (6, 3), (7, 8)), (474.7964607176052, 678.75), (13.233618640908633, -124.92450489364046)
((4, 2), (6, 3), (7, 7)), (474.7964607176052, 678.75), (26.85450210241209, -118.21470143556925)
((4, 2), (6, 3), (6, 8)), (474.7964607176052, 678.75), (3.1694252825863254, -132.99438223097158)
((4, 2), (6, 3), (6, 9)), (474.7964607176052, 678.75), (3.0301708664897786, -139.11926905618478)
((4, 2), (6, 3), (5, 8)), (474.7964607176052, 678.75), (2.9981299592782245, -140.60880989493836)
((4, 2), (6, 3), (9, 7)), (438.4233937586588, 657.75), (45.58240213032921, -121.83996327785616)
((4, 2), (6, 3), (9, 8)), (474.7964607176052, 678.75), (35.42490350560127, -131.76320239949638)
((4, 2), (6, 3), (8, 8)), (474.7964607176052, 678.75), (29.831273146400154, -133.16215940336582)
((4, 2), (6, 3), (8, 9)), (474.7964607176052, 678.75), (25.82100937427022, -140.68863325765358)
((4, 2), (6, 3), (10, 9)), (438.4233937586588, 657.75), (49.17357788241666, -136.44856103916746)
((4, 2), (6, 3), (5, 9)), (474.7964607176052, 678.75), (2.9369804139312197, -143.54152806016148)
((4, 2), (6, 3), (9, 9)), (474.7964607176052, 678.75), (30.81252781880739, -142.23941866755027)
((4, 2), (6, 3), (7, 9)), (474.7964607176052, 678.75), (14.403503089219084, -143.54879084843748)
((4, 2), (6, 3), (7, 10)), (474.7964607176052, 678.75), (17.04115889946086, -144.99946356934623)
((4, 2), (3, 4), (5, 6)), (409.5, 650.0), (15.670490226763237, -102.09041300047134)
((4, 2), (3, 4), (6, 5)), (409.5, 650.0), (19.41216530131522, -102.12874771907374)
((4, 2), (3, 4), (4, 7)), (409.5, 650.0), (13.974990138237525, -115.48243756877062)
((4, 2), (3, 4), (6, 6)), (367.5, 650.0), (34.45681251214601, -102.71453613527339)
((4, 2), (3, 4), (7, 6)), (409.5, 650.0), (31.630347848654694, -108.40590960812284)
((4, 2), (3, 4), (7, 8)), (409.5, 650.0), (26.427276639622484, -119.16800654570233)
((4, 2), (3, 4), (7, 7)), (367.5, 650.0), (45.70084348547609, -113.31255618905375)
((4, 2), (3, 4), (6, 8)), (409.5, 650.0), (15.866529157502601, -127.49078065527665)
((4, 2), (3, 4), (6, 9)), (409.5, 650.0), (15.151071159563854, -133.86413756864692)
((4, 2), (3, 4), (5, 8)), (409.5, 650.0), (14.986327755660321, -135.41079805618728)
((4, 2), (3, 4), (9, 7)), (367.5, 650.0), (55.23550118745846, -121.63794206645827)
((4, 2), (3, 4), (9, 8)), (367.5, 650.0), (51.74685076549758, -127.56932241694199)
((4, 2), (3, 4), (8, 8)), (367.5, 650.0), (47.008310124319685, -128.62791308722606)
((4, 2), (3, 4), (10, 9)), (367.5, 650.0), (58.11966053458028, -136.13359620857284)
((4, 2), (3, 4), (5, 9)), (409.5, 650.0), (14.671859906832024, -138.45246121141733)
((4, 2), (3, 4), (8, 10)), (367.5, 650.0), (37.609883594758145, -138.81820777790668)
((4, 2), (3, 4), (7, 10)), (367.5, 650.0), (37.30809600768047, -140.29172475948428)
((4, 2), (5, 4), (6, 5)), (440.5, 650.0), (16.202368092627182, -102.09445779984776)
((4, 2), (5, 4), (6, 6)), (440.5, 650.0), (19.924911531566938, -102.13606305553246)
((4, 2), (5, 4), (5, 6)), (440.5, 650.0), (15.916582789365194, -104.11173997004266)
((4, 2), (5, 4), (7, 6)), (440.5, 650.0), (25.767464299930918, -108.1865604023842)
((4, 2), (5, 4), (7, 8)), (440.5, 650.0), (20.6212667604827, -119.07736724200271)
((4, 2), (5, 4), (7, 7)), (440.5, 650.0), (34.19555717467254, -112.28734078455673)
((4, 2), (5, 4), (6, 8)), (440.5, 650.0), (9.97337499460024, -127.4778758612054)
((4, 2), (5, 4), (6, 9)), (440.5, 650.0), (9.508391722109144, -133.85485748232057)
((4, 2), (5, 4), (5, 8)), (440.5, 650.0), (9.401832103286553, -135.40221386152774)
((4, 2), (5, 4), (9, 7)), (440.5, 650.0), (45.636059536308565, -120.2767337163904)
((4, 2), (5, 4), (9, 8)), (440.5, 650.0), (41.76642894421657, -126.5829693806033)
((4, 2), (5, 4), (8, 8)), (440.5, 650.0), (36.37924266172793, -127.89480097437718)
((4, 2), (5, 4), (8, 9)), (440.5, 650.0), (32.19669276171479, -135.61622848531601)
((4, 2), (5, 4), (5, 9)), (440.5, 650.0), (9.198912180209014, -138.44508027689534)
((4, 2), (5, 4), (7, 10)), (440.5, 650.0), (23.36768414878219, -139.99481123369458)
((4, 2), (6, 4), (5, 6)), (482.5, 650.0), (6.183107417780713, -104.0839480811095)
((4, 2), (6, 4), (7, 6)), (482.5, 650.0), (17.116887550115838, -108.04637850016312)
((4, 2), (6, 4), (6, 7)), (482.5, 650.0), (12.656983727153431, -115.47838689651257)
((4, 2), (6, 4), (6, 8)), (482.5, 650.0), (1.7973738794809373, -127.47549035890935)
((4, 2), (6, 4), (6, 9)), (482.5, 650.0), (1.7117952331695014, -133.85315515856666)
((4, 2), (6, 4), (5, 8)), (482.5, 650.0), (1.6922436498447697, -135.4006417290734)
((4, 2), (6, 4), (5, 9)), (482.5, 650.0), (1.6550689246242671, -138.44373246252076)
((5, 2), (6, 3), (5, 6)), (503.75, 699.7964607176052), (-6.307179769587714, -113.60727227296596)
((5, 2), (6, 3), (6, 5)), (503.75, 699.7964607176052), (-2.6575720075806535, -113.60674965595248)
((5, 2), (6, 3), (4, 7)), (503.75, 699.7964607176052), (-5.702153194825144, -125.79039383892419)
((5, 2), (6, 3), (6, 6)), (503.75, 699.7964607176052), (4.668329965751651, -113.60689460421642)
((5, 2), (6, 3), (7, 6)), (503.75, 699.7964607176052), (11.364757623312732, -118.98599910853221)
((5, 2), (6, 3), (7, 8)), (503.75, 699.7964607176052), (7.321176783653861, -129.06069185192496)
((5, 2), (6, 3), (7, 7)), (503.75, 699.7964607176052), (20.750834213882555, -122.48339545936155)
((5, 2), (6, 3), (6, 8)), (503.75, 699.7964607176052), (-2.206130655111262, -136.89347793052866)
((5, 2), (6, 3), (6, 9)), (503.75, 699.7964607176052), (-2.1142068913873477, -142.85128869434348)
((5, 2), (6, 3), (5, 8)), (503.75, 699.7964607176052), (-2.092965759416769, -144.30231214615912)
((5, 2), (6, 3), (9, 7)), (503.75, 699.7964607176052), (33.97175881622677, -129.3679728012728)
((5, 2), (6, 3), (9, 8)), (503.75, 699.7964607176052), (30.104076178702577, -135.52811610550435)
((5, 2), (6, 3), (8, 8)), (503.75, 699.7964607176052), (24.399789725669986, -136.96246853570693)
((5, 2), (6, 3), (8, 9)), (503.75, 699.7964607176052), (20.58328467190103, -144.33216169967818)
((5, 2), (6, 3), (10, 9)), (503.75, 699.7964607176052), (38.700701993245715, -143.23348599294485)
((5, 2), (6, 3), (5, 9)), (503.75, 699.7964607176052), (-2.0523350641071394, -147.1614437336604)
((5, 2), (6, 3), (9, 9)), (503.75, 699.7964607176052), (25.705440781080156, -145.8093264727524)
((5, 2), (6, 3), (7, 9)), (503.75, 699.7964607176052), (9.23624187497423, -147.16258267303198)
((5, 2), (6, 3), (7, 10)), (503.75, 699.7964607176052), (11.912439190702248, -148.5734452482084)
((5, 2), (3, 4), (5, 6)), (417.5, 650.0), (13.82842263272426, -102.07926296021668)
((5, 2), (3, 4), (6, 5)), (417.5, 650.0), (17.633107011186727, -102.10748864799771)
((5, 2), (3, 4), (4, 7)), (417.5, 650.0), (12.308476046101099, -115.4775064577169)
((5, 2), (3, 4), (6, 6)), (417.5, 650.0), (24.822968169660417, -102.23986038095322)
((5, 2), (3, 4), (7, 6)), (417.5, 650.0), (30.160929704927003, -108.33822476118948)
((5, 2), (3, 4), (7, 8)), (417.5, 650.0), (24.95959646480903, -119.13861507724775)
((5, 2), (3, 4), (7, 7)), (417.5, 650.0), (38.0444326854141, -112.540676078216)
((5, 2), (3, 4), (6, 8)), (417.5, 650.0), (14.3618420174371, -127.48575482875077)
((5, 2), (3, 4), (6, 9)), (417.5, 650.0), (13.707738390521238, -133.86051353617017)
((5, 2), (3, 4), (9, 7)), (417.5, 650.0), (48.817481695807736, -120.651646064154)
((5, 2), (3, 4), (9, 8)), (417.5, 650.0), (45.063394233787854, -126.84492037831737)
((5, 2), (3, 4), (8, 8)), (417.5, 650.0), (39.88700614915296, -128.07927525645653)
((5, 2), (3, 4), (8, 9)), (417.5, 650.0), (35.74152620315023, -135.7273656696936)
((5, 2), (3, 4), (10, 9)), (417.5, 650.0), (52.138409163201004, -135.35153390331624)
((5, 2), (3, 4), (9, 9)), (417.5, 650.0), (40.33320614321409, -137.44123524234976)
((5, 2), (3, 4), (7, 10)), (417.5, 650.0), (29.742057314654957, -140.08286673720715)
((5, 2), (5, 4), (6, 5)), (461.5766062413412, 657.75), (11.117837253241488, -103.94989472675198)
((5, 2), (5, 4), (6, 6)), (461.5766062413412, 657.75), (14.942434965097437, -103.96527725379046)
((5, 2), (5, 4), (5, 6)), (461.5766062413412, 657.75), (10.918373087750616, -105.93441223012631)
((5, 2), (5, 4), (7, 6)), (461.5766062413412, 657.75), (21.22450252533032, -109.86800358205602)
((5, 2), (5, 4), (6, 7)), (461.5766062413412, 657.75), (16.7476149361518, -117.16042246424809)
((5, 2), (5, 4), (7, 8)), (461.5766062413412, 657.75), (16.296776008174902, -120.66072872316897)
((5, 2), (5, 4), (7, 7)), (461.5766062413412, 657.75), (30.127713171495873, -113.80296439761426)
((5, 2), (5, 4), (6, 8)), (461.5766062413412, 657.75), (5.820158413966022, -128.98670074187234)
((5, 2), (5, 4), (6, 9)), (461.5766062413412, 657.75), (5.55081862565327, -135.29308382904858)
((5, 2), (5, 4), (5, 8)), (461.5766062413412, 657.75), (5.489104584227721, -136.82427352779143)
((5, 2), (5, 4), (9, 7)), (461.5766062413412, 657.75), (42.232062622256954, -121.53001695592141)
((5, 2), (5, 4), (9, 8)), (461.5766062413412, 657.75), (38.2912703974969, -127.87611732611842)
((5, 2), (5, 4), (8, 8)), (461.5766062413412, 657.75), (32.73355136028685, -129.2525502961036)
((5, 2), (5, 4), (8, 9)), (461.5766062413412, 657.75), (28.58632785338864, -136.95413849836177)
((5, 2), (5, 4), (10, 9)), (461.5766062413412, 657.75), (46.124280323628504, -136.19171035701063)
((5, 2), (5, 4), (5, 9)), (461.5766062413412, 657.75), (5.371586484655976, -139.83636595383172)
((5, 2), (5, 4), (9, 9)), (461.5766062413412, 657.75), (33.53266233172449, -138.5761192933727)
((5, 2), (5, 4), (7, 9)), (461.5766062413412, 657.75), (17.043201122935073, -139.85163767936072)
((5, 2), (5, 4), (7, 10)), (461.5766062413412, 657.75), (19.679961678950896, -141.34476135744978)
((5, 2), (6, 4), (5, 6)), (490.5, 650.0), (4.276204094540342, -104.08344824525633)
((5, 2), (6, 4), (7, 6)), (490.5, 650.0), (15.385120508707983, -108.03456425963645)
((5, 2), (6, 4), (6, 7)), (490.5, 650.0), (10.978230402854958, -115.47477063197672)
((5, 2), (6, 4), (7, 8)), (490.5, 650.0), (10.661271237337226, -119.02763776632517)
((5, 2), (6, 4), (7, 7)), (490.5, 650.0), (25.059452801018733, -111.94404451210801)
((5, 2), (6, 4), (6, 8)), (490.5, 650.0), (0.22880142056618677, -127.47548784048112)
((5, 2), (6, 4), (6, 9)), (490.5, 650.0), (0.21789990477751583, -133.85315336887845)
((5, 2), (6, 4), (5, 8)), (490.5, 650.0), (0.21540956401607933, -135.40064007769968)
((5, 2), (6, 4), (9, 7)), (490.5, 650.0), (38.154258071949364, -119.64409812752102)
((5, 2), (6, 4), (9, 8)), (490.5, 650.0), (34.07358271032395, -126.1666105670079)
((5, 2), (6, 4), (8, 8)), (490.5, 650.0), (28.229633273039557, -127.62831829742188)
((5, 2), (6, 4), (8, 9)), (490.5, 650.0), (24.062188891235113, -135.46807855085552)
((5, 2), (6, 4), (5, 9)), (490.5, 650.0), (0.21067475504437458, -138.4437310490058)
((5, 2), (6, 4), (9, 9)), (490.5, 650.0), (29.274844762306547, -137.0733038468735)
((5, 2), (6, 4), (7, 9)), (490.5, 650.0), (12.15520213102581, -138.44784412340107)
((5, 2), (6, 4), (7, 10)), (490.5, 650.0), (14.924983274636057, -139.9495151294174)
((5, 2), (5, 5), (6, 8)), (446.25, 600.2035392823948), (9.61448078199585, -117.30642743918051)
((5, 2), (6, 5), (6, 8)), (503.74999999999994, 600.2035392823948), (-2.5739828374326783, -117.30379428721358)
((5, 2), (6, 5), (6, 9)), (503.74999999999994, 600.2035392823948), (-2.431206381816912, -124.20485455683176)
((5, 2), (6, 5), (5, 8)), (503.74999999999994, 600.2035392823948), (-2.3990720519441098, -125.87101488546676)
((5, 2), (6, 5), (5, 9)), (503.74999999999994, 600.2035392823948), (-2.338446463066719, -129.13886101344758)
((6, 3), (3, 4), (5, 6)), (467.5, 600.0), (2.106137648119263, -88.97566606726632)
((6, 3), (3, 4), (6, 5)), (467.5, 600.0), (6.751265998729506, -88.9771267176443)
((6, 3), (3, 4), (4, 7)), (467.5, 600.0), (1.8009025010077968, -104.08330463761871)
((6, 3), (3, 4), (6, 6)), (467.5, 600.0), (15.6634067700493, -89.01832780760273)
((6, 3), (3, 4), (7, 8)), (467.5, 600.0), (16.758119168770104, -108.04361560319771)
((6, 3), (3, 4), (6, 8)), (467.5, 600.0), (5.142450891642172, -117.26061086312978)
((6, 3), (3, 4), (6, 9)), (467.5, 600.0), (4.858436976745456, -124.16401575021507)
((6, 3), (3, 4), (5, 8)), (467.5, 600.0), (4.7944641299241315, -125.8307065294533)
((6, 3), (3, 4), (5, 9)), (467.5, 600.0), (4.673725378033612, -129.0995557524294)
((6, 3), (4, 5), (5, 6)), (467.5, 600.0), (6.751265998729506, -88.9771267176443)
((6, 3), (4, 5), (6, 6)), (467.5, 600.0), (15.6634067700493, -89.01832780760273)
((6, 3), (4, 5), (7, 6)), (467.5, 600.0), (22.451521068992495, -95.88692285692451)
((6, 3), (4, 5), (6, 7)), (467.5, 600.0), (17.32756182662301, -104.12323556841804)
((6, 3), (4, 5), (7, 8)), (467.5, 600.0), (16.758119168770104, -108.04361560319771)
((6, 3), (4, 5), (7, 7)), (467.5, 600.0), (31.8363598831003, -100.50718853139503)
((6, 3), (4, 5), (6, 8)), (467.5, 600.0), (5.142450891642172, -117.26061086312978)
((6, 3), (4, 5), (6, 9)), (467.5, 600.0), (4.858436976745456, -124.16401575021507)
((6, 3), (4, 5), (5, 8)), (467.5, 600.0), (4.7944641299241315, -125.8307065294533)
((6, 3), (4, 5), (9, 7)), (467.5, 600.0), (44.059991711443814, -109.45870232798924)
((6, 3), (4, 5), (9, 8)), (467.5, 600.0), (39.91054118660259, -116.27975152592576)
((6, 3), (4, 5), (8, 8)), (467.5, 600.0), (34.12994240270192, -117.67745796390689)
((6, 3), (4, 5), (8, 9)), (467.5, 600.0), (29.60977452484467, -126.02274800829912)
((6, 3), (4, 5), (10, 9)), (467.5, 600.0), (47.72064368728568, -125.48312351866096)
((6, 3), (4, 5), (5, 9)), (467.5, 600.0), (4.673725378033612, -129.0995557524294)
((6, 3), (4, 5), (9, 9)), (467.5, 600.0), (34.75399802491282, -127.82521872138756)
((6, 3), (4, 5), (7, 9)), (467.5, 600.0), (17.277619820426345, -129.12014430720956)
((6, 3), (4, 5), (7, 10)), (467.5, 600.0), (20.082291710747846, -130.7396228656411)
((6, 3), (5, 4), (6, 6)), (496.25, 649.7964607176052), (7.012510487832367, -102.01334262041532)
((6, 3), (5, 4), (5, 6)), (496.25, 649.7964607176052), (2.901429367668599, -104.03443140128947)
((6, 3), (5, 4), (7, 6)), (496.25, 649.7964607176052), (14.131625557405004, -107.98106349769955)
((6, 3), (5, 4), (6, 7)), (496.25, 649.7964607176052), (9.766579994990432, -115.42893590147453)
((6, 3), (5, 4), (7, 8)), (496.25, 649.7964607176052), (9.48241785146956, -118.98344754982514)
((6, 3), (5, 4), (7, 7)), (496.25, 649.7964607176052), (23.948994320574844, -111.87540540767799)
((6, 3), (5, 4), (6, 8)), (496.25, 649.7964607176052), (-0.8991024634654885, -127.43556440852777)
((6, 3), (5, 4), (6, 9)), (496.25, 649.7964607176052), (-0.8562457756257166, -133.815132674018)
((6, 3), (5, 4), (5, 8)), (496.25, 649.7964607176052), (-0.8464558796517627, -135.3630540333303)
((6, 3), (5, 4), (9, 7)), (438.83047232344836, 649.75), (45.88351220811404, -120.2525345786912)
((6, 3), (5, 4), (9, 8)), (496.25, 649.7964607176052), (33.14934590327031, -126.09165816149198)
((6, 3), (5, 4), (8, 8)), (496.25, 649.7964607176052), (27.25382982489455, -127.56851049392392)
((6, 3), (5, 4), (8, 9)), (496.25, 649.7964607176052), (23.09671610281007, -135.42036136167394)
((6, 3), (5, 4), (10, 9)), (438.83047232344836, 649.75), (49.4413103578751, -135.02557329875765)
((6, 3), (5, 4), (5, 9)), (496.25, 649.7964607176052), (-0.8278429411053972, -138.406971381735)
((6, 3), (5, 4), (9, 9)), (496.25, 649.7964607176052), (28.35836623279401, -137.01923535145016)
((6, 3), (5, 4), (7, 9)), (496.25, 649.7964607176052), (11.141481750373805, -138.40987695539553)
((6, 3), (5, 4), (7, 10)), (496.25, 649.7964607176052), (13.93326450919203, -139.91097780901666)
((6, 3), (6, 4), (5, 6)), (553.75, 649.7964607176052), (-10.79694678308015, -104.04043358015628)
((6, 3), (6, 4), (7, 6)), (496.25, 649.7964607176052), (14.131625557405004, -107.98106349769955)
((6, 3), (6, 4), (6, 7)), (496.25, 649.7964607176052), (9.766579994990432, -115.42893590147453)
((6, 3), (6, 4), (7, 8)), (496.25, 649.7964607176052), (9.48241785146956, -118.98344754982514)
((6, 3), (6, 4), (7, 7)), (525.0, 657.5), (17.908978862691562, -113.50323718152823)
((6, 3), (6, 4), (6, 8)), (553.75, 649.7964607176052), (-12.070582661088272, -127.44069247849106)
((6, 3), (6, 4), (6, 9)), (553.75, 649.7964607176052), (-11.513173520464173, -133.81879866579527)
((6, 3), (6, 4), (5, 8)), (553.75, 649.7964607176052), (-11.385252153476022, -135.3664409128699)
((6, 3), (6, 4), (9, 7)), (496.25, 649.7964607176052), (37.24983906584841, -119.54584324995632)
((6, 3), (6, 4), (9, 8)), (525.0, 657.5), (28.06061521103226, -127.46173995526613)
((6, 3), (6, 4), (8, 8)), (525.0, 657.5), (21.973535176830545, -128.99229085355054)
((6, 3), (6, 4), (8, 9)), (525.0, 657.5), (17.965184805152344, -136.7987557698317)
((6, 3), (6, 4), (10, 9)), (496.25, 649.7964607176052), (41.64272281899289, -134.43541356835235)
((6, 3), (6, 4), (5, 9)), (553.75, 649.7964607176052), (-11.141481750373796, -138.40987695539553)
((6, 3), (6, 4), (9, 9)), (525.0, 657.5), (23.422172010658443, -138.35000375648218)
((6, 3), (6, 4), (7, 9)), (496.25, 649.7964607176052), (11.141481750373805, -138.40987695539553)
((6, 3), (6, 4), (7, 10)), (496.25, 649.7964607176052), (13.93326450919203, -139.91097780901666)
((6, 3), (5, 5), (7, 6)), (509.5, 600.0), (12.534540046099925, -95.75676888908787)
((6, 3), (5, 5), (5, 6)), (509.5, 600.0), (-0.28022223798429596, -104.08329997604088)
((6, 3), (5, 5), (6, 7)), (509.5, 600.0), (7.6841874895030085, -104.08484594853108)
((6, 3), (5, 5), (7, 8)), (509.5, 600.0), (7.410177947529502, -108.01354130718258)
((6, 3), (5, 5), (7, 7)), (467.5, 600.0), (31.8363598831003, -100.50718853139503)
((6, 3), (5, 5), (6, 8)), (509.5, 600.0), (-3.7980926688576537, -117.2604585279515)
((6, 3), (5, 5), (6, 9)), (509.5, 600.0), (-3.5876882543566873, -124.16391349015461)
((6, 3), (5, 5), (5, 8)), (509.5, 600.0), (-3.5403203840275617, -125.83061334705903)
((6, 3), (5, 5), (9, 7)), (467.5, 600.0), (44.059991711443814, -109.45870232798924)
((6, 3), (5, 5), (9, 8)), (467.5, 600.0), (39.91054118660259, -116.27975152592576)
((6, 3), (5, 5), (8, 8)), (467.5, 600.0), (34.12994240270192, -117.67745796390689)
((6, 3), (5, 5), (8, 9)), (509.5, 600.0), (22.24206876665385, -125.89191945940776)
((6, 3), (5, 5), (10, 9)), (467.5, 600.0), (47.72064368728568, -125.48312351866096)
((6, 3), (5, 5), (5, 9)), (509.5, 600.0), (-3.4509434307212103, -129.09947783060272)
((6, 3), (5, 5), (9, 9)), (509.5, 600.0), (27.831882742823748, -127.61990901045756)
((6, 3), (5, 5), (7, 9)), (509.5, 600.0), (9.4064645595102, -129.10126410217828)
((6, 3), (5, 5), (7, 10)), (509.5, 600.0), (12.415845869181949, -130.70854691917006)
((6, 3), (6, 5), (7, 8)), (511.5766062413412, 607.75), (6.8252120884563, -109.79228883094285)
((6, 3), (6, 5), (7, 7)), (511.5766062413412, 607.75), (22.59701185950584, -102.04185783513253)
((6, 3), (6, 5), (6, 8)), (538.4233937586588, 607.75), (-9.764920046552822, -118.90392384505833)
((6, 3), (6, 5), (6, 9)), (538.4233937586588, 607.75), (-9.24800668646058, -125.71646464371402)
((6, 3), (6, 5), (5, 8)), (538.4233937586588, 607.75), (-9.130936568585549, -127.36271769568644)
((6, 3), (6, 5), (9, 7)), (511.5766062413412, 607.75), (36.704415791983955, -110.46673998535184)
((6, 3), (6, 5), (9, 8)), (511.5766062413412, 607.75), (32.330075734722065, -117.47340544310657)
((6, 3), (6, 5), (8, 8)), (511.5766062413412, 607.75), (26.07057990078941, -119.03823300730268)
((6, 3), (6, 5), (8, 9)), (511.5766062413412, 607.75), (21.631419562612745, -127.41397114184015)
((6, 3), (6, 5), (10, 9)), (511.5766062413412, 607.75), (41.14209721930297, -126.4255653436077)
((6, 3), (6, 5), (5, 9)), (538.4233937586588, 607.75), (-8.909380476344335, -130.5930170872029)
((6, 3), (6, 5), (9, 9)), (511.5766062413412, 607.75), (27.207949510553362, -129.1137982318793)
((6, 3), (6, 5), (7, 9)), (511.5766062413412, 607.75), (8.909380476344346, -130.5930170872029)
((6, 3), (6, 5), (7, 10)), (511.5766062413412, 607.75), (11.899074920985711, -132.18162021347717)
((3, 4), (4, 5), (6, 5)), (403.75, 599.7964607176052), (27.356264209556397, -86.97048879692787)
((3, 4), (4, 5), (5, 6)), (403.75, 599.7964607176052), (23.108684144083252, -89.120111351855)
((3, 4), (4, 5), (6, 6)), (403.75, 599.7964607176052), (30.368342878383647, -89.5133341583879)
((3, 4), (4, 5), (7, 6)), (403.75, 599.7964607176052), (35.3043475948813, -96.55629997231912)
((3, 4), (4, 5), (7, 8)), (403.75, 599.7964607176052), (29.627252399304346, -108.26919461026685)
((3, 4), (4, 5), (7, 7)), (403.75, 599.7964607176052), (42.773306062067014, -101.55958351875839)
((3, 4), (4, 5), (6, 8)), (403.75, 599.7964607176052), (18.299533811897, -117.25177978279123)
((3, 4), (4, 5), (6, 9)), (403.75, 599.7964607176052), (17.3644818656757, -124.14664187369254)
((3, 4), (4, 5), (5, 8)), (403.75, 599.7964607176052), (17.15113027144557, -125.81185596746403)
((3, 4), (4, 5), (9, 7)), (403.75, 599.7964607176052), (52.88679846742523, -110.87333586154122)
((3, 4), (4, 5), (9, 8)), (403.75, 599.7964607176052), (49.181110239387586, -117.25480032487208)
((3, 4), (4, 5), (8, 8)), (403.75, 599.7964607176052), (44.12044047834633, -118.36506571808866)
((3, 4), (4, 5), (10, 9)), (403.75, 599.7964607176052), (55.86755707435795, -126.54955256974576)
((3, 4), (4, 5), (5, 9)), (403.75, 599.7964607176052), (16.74592531482898, -129.07830791010153)
((3, 4), (4, 5), (8, 10)), (403.75, 599.7964607176052), (33.97175881622677, -129.3679728012728)
((3, 4), (4, 5), (7, 10)), (403.75, 599.7964607176052), (33.653008938967844, -130.95019366188134)
((3, 4), (5, 4), (6, 5)), (424.75, 636.1695276765516), (20.310129762207794, -98.70465201981523)
((3, 4), (5, 4), (6, 6)), (424.75, 636.1695276765516), (23.960596192294318, -98.7872337044346)
((3, 4), (5, 4), (5, 6)), (424.75, 636.1695276765516), (19.95141357191926, -100.78397320538531)
((3, 4), (5, 4), (7, 6)), (424.75, 636.1695276765516), (29.463105078331733, -105.08748174370382)
((3, 4), (5, 4), (7, 8)), (424.75, 636.1695276765516), (24.117211846397602, -116.19037095751382)
((3, 4), (5, 4), (7, 7)), (424.75, 636.1695276765516), (37.52823291684513, -109.4263465726448)
((3, 4), (5, 4), (6, 8)), (424.75, 636.1695276765516), (13.261184563237686, -124.741588421822)
((3, 4), (5, 4), (6, 9)), (424.75, 636.1695276765516), (12.629083405443005, -131.2502180319646)
((3, 4), (5, 4), (5, 8)), (424.75, 636.1695276765516), (12.484354823687283, -132.82765739696265)
((3, 4), (5, 4), (9, 7)), (424.75, 636.1695276765516), (48.45441835262763, -117.78156992562805)
((3, 4), (5, 4), (9, 8)), (424.75, 636.1695276765516), (44.6388616030977, -124.09530467062368)
((3, 4), (5, 4), (8, 8)), (424.75, 636.1695276765516), (39.37751793810296, -125.34554645688294)
((3, 4), (5, 4), (8, 9)), (424.75, 636.1695276765516), (35.149924706331326, -133.14622413080627)
((3, 4), (5, 4), (10, 9)), (424.75, 636.1695276765516), (51.78814751698969, -132.7896090080805)
((3, 4), (5, 4), (5, 9)), (424.75, 636.1695276765516), (12.20890375350603, -135.9277218442782)
((3, 4), (5, 4), (9, 9)), (424.75, 636.1695276765516), (39.819997249999794, -134.8949454850919)
((3, 4), (5, 4), (7, 10)), (424.75, 636.1695276765516), (29.036639839583053, -137.5840220790817)
((3, 4), (6, 4), (5, 6)), (424.7964607176052, 578.75), (22.80669426011638, -85.48599472831016)
((3, 4), (6, 4), (7, 6)), (424.7964607176052, 578.75), (32.579087803810744, -90.77924370550298)
((3, 4), (6, 4), (7, 8)), (424.7964607176052, 578.75), (26.553028142488582, -103.20290877291319)
((3, 4), (6, 4), (7, 7)), (424.7964607176052, 578.75), (40.54063813608104, -96.07368676372298)
((3, 4), (6, 4), (6, 8)), (424.7964607176052, 578.75), (14.594688481139693, -112.65467162975)
((3, 4), (6, 4), (6, 9)), (424.7964607176052, 578.75), (13.77041841060065, -119.81932751432242)
((3, 4), (6, 4), (5, 8)), (424.7964607176052, 578.75), (13.584537879687831, -121.54480047794911)
((3, 4), (6, 4), (9, 7)), (424.7964607176052, 578.75), (51.10394836308054, -105.88892825508229)
((3, 4), (6, 4), (9, 8)), (424.7964607176052, 578.75), (47.25212287028259, -112.53653807867346)
((3, 4), (6, 4), (8, 8)), (424.7964607176052, 578.75), (41.96743300601855, -113.69898275886543)
((3, 4), (6, 4), (8, 9)), (424.7964607176052, 578.75), (37.46924302072788, -122.07821978046664)
((3, 4), (6, 4), (5, 9)), (424.7964607176052, 578.75), (13.233618640908643, -124.92450489364046)
((3, 4), (6, 4), (10, 9)), (424.7964607176052, 578.75), (46.92307195220861, -124.50002757129485)
((3, 4), (6, 4), (7, 10)), (424.7964607176052, 578.75), (31.039933084445465, -126.80129288611865)
((3, 4), (5, 5), (7, 6)), (388.4233937586588, 557.75), (40.42285030088031, -86.10621140722591)
((3, 4), (5, 5), (5, 6)), (424.7964607176052, 578.75), (20.259564831934174, -98.93454938481742)
((3, 4), (5, 5), (7, 8)), (388.4233937586588, 557.75), (34.61825991056588, -98.49973118786792)
((3, 4), (5, 5), (7, 7)), (388.4233937586588, 557.75), (47.26119642737106, -92.06575470844729)
((3, 4), (5, 5), (6, 8)), (424.7964607176052, 578.75), (14.594688481139693, -112.65467162975)
((3, 4), (5, 5), (6, 9)), (424.7964607176052, 578.75), (13.77041841060065, -119.81932751432242)
((3, 4), (5, 5), (5, 8)), (424.7964607176052, 578.75), (13.584537879687831, -121.54480047794911)
((3, 4), (5, 5), (9, 7)), (388.4233937586588, 557.75), (56.62996889706154, -102.61960986158005)
((3, 4), (5, 5), (9, 8)), (388.4233937586588, 557.75), (53.106880683077705, -109.04052096290513)
((3, 4), (5, 5), (8, 8)), (388.4233937586588, 557.75), (48.27723718000316, -109.94053659278345)
((3, 4), (5, 5), (10, 9)), (388.4233937586588, 557.75), (59.3877890975721, -119.08531923605221)
((3, 4), (5, 5), (5, 9)), (424.7964607176052, 578.75), (13.233618640908643, -124.92450489364046)
((3, 4), (5, 5), (8, 10)), (424.7964607176052, 578.75), (31.361483188566382, -125.16355603927947)
((3, 4), (5, 5), (7, 10)), (424.7964607176052, 578.75), (31.039933084445465, -126.80129288611865)
((3, 4), (6, 5), (7, 8)), (432.5, 550.0), (26.422523134779162, -96.01840497252923)
((3, 4), (6, 5), (6, 8)), (432.5, 550.0), (13.714539788699906, -106.08083602768988)
((3, 4), (6, 5), (6, 9)), (432.5, 550.0), (12.849638842843342, -113.66079780367612)
((3, 4), (6, 5), (5, 8)), (432.5, 550.0), (12.656983727153444, -115.47838689651257)
((4, 5), (5, 4), (6, 6)), (375.25, 586.1695276765516), (36.70155543651189, -86.4181644661854)
((4, 5), (5, 4), (7, 6)), (375.25, 586.1695276765516), (40.979599601100176, -93.78575494851543)
((4, 5), (5, 4), (7, 8)), (375.25, 586.1695276765516), (35.450772223562716, -105.43820228406446)
((4, 5), (5, 4), (7, 7)), (375.25, 586.1695276765516), (47.712773975005305, -99.17357924916108)
((4, 5), (5, 4), (6, 8)), (425.0, 599.5), (14.023946407707015, -117.16576974900033)
((4, 5), (5, 4), (6, 9)), (425.0, 599.5), (13.28096020738706, -124.07130090460274)
((4, 5), (5, 4), (5, 8)), (425.0, 599.5), (13.112411961634072, -125.73863019608032)
((4, 5), (5, 4), (9, 7)), (425.0, 599.5), (50.10908821402324, -110.2730300103433)
((4, 5), (5, 4), (9, 8)), (375.25, 586.1695276765516), (53.51701901161194, -115.15385709970536)
((4, 5), (5, 4), (8, 8)), (375.25, 586.1695276765516), (48.765922644226876, -116.09512746954604)
((4, 5), (5, 4), (10, 9)), (375.25, 586.1695276765516), (59.7496744386064, -124.67968545635915)
((4, 5), (5, 4), (5, 9)), (425.0, 599.5), (12.79320768069932, -129.00882187741706)
((4, 5), (5, 4), (8, 10)), (375.25, 586.1695276765516), (38.95011352080292, -126.95645750014876)
((4, 5), (5, 4), (7, 10)), (425.0, 599.5), (30.24009629008033, -130.79455579670883)
((4, 5), (6, 4), (5, 6)), (474.75, 586.1695276765516), (9.491744792270785, -87.42351928856826)
((4, 5), (6, 4), (7, 6)), (425.0, 557.5), (33.85031368351472, -84.99076670939913)
((4, 5), (6, 4), (6, 7)), (474.75, 586.1695276765516), (16.188239608373895, -100.74014429835103)
((4, 5), (6, 4), (7, 8)), (474.75, 586.1695276765516), (15.617820962115227, -104.78817336793634)
((4, 5), (6, 4), (7, 7)), (425.0, 557.5), (41.69278993959952, -90.78343569716594)
((4, 5), (6, 4), (6, 8)), (474.75, 586.1695276765516), (3.6970385401362447, -114.27375328561955)
((4, 5), (6, 4), (6, 9)), (474.75, 586.1695276765516), (3.4823096660019455, -121.3472415710887)
((4, 5), (6, 4), (5, 8)), (474.75, 586.1695276765516), (3.434216257796879, -123.05209832948529)
((4, 5), (6, 4), (9, 7)), (425.0, 557.5), (52.06464001506166, -101.2817366075582)
((4, 5), (6, 4), (9, 8)), (425.0, 557.5), (48.23532497327664, -108.03755198192843)
((4, 5), (6, 4), (8, 8)), (425.0, 557.5), (42.97006577495833, -109.13855896235901)
((4, 5), (6, 4), (8, 9)), (425.0, 557.5), (38.38421367479761, -117.74930172069608)
((4, 5), (6, 4), (10, 9)), (425.0, 557.5), (55.06088254545558, -118.11227974390752)
((4, 5), (6, 4), (5, 9)), (474.75, 586.1695276765516), (3.3437090196177808, -126.39284344936877)
((4, 5), (6, 4), (7, 9)), (474.75, 586.1695276765516), (16.26110692187407, -126.41012080360404)
((4, 5), (6, 4), (7, 10)), (474.75, 586.1695276765516), (19.14279349577857, -128.06247580888325)
((4, 5), (5, 5), (7, 6)), (396.25, 549.7964607176052), (39.56795896309163, -83.70388804158492)
((4, 5), (5, 5), (6, 7)), (474.75, 586.1695276765516), (16.188239608373895, -100.74014429835103)
((4, 5), (5, 5), (7, 8)), (474.75, 586.1695276765516), (15.617820962115227, -104.78817336793634)
((4, 5), (5, 5), (7, 7)), (425.0, 557.5), (41.69278993959952, -90.78343569716594)
((4, 5), (5, 5), (6, 8)), (474.75, 586.1695276765516), (3.6970385401362447, -114.27375328561955)
((4, 5), (5, 5), (6, 9)), (474.75, 586.1695276765516), (3.4823096660019455, -121.3472415710887)
((4, 5), (5, 5), (5, 8)), (474.75, 586.1695276765516), (3.434216257796879, -123.05209832948529)
((4, 5), (5, 5), (9, 7)), (425.0, 557.5), (52.06464001506166, -101.2817366075582)
((4, 5), (5, 5), (9, 8)), (425.0, 557.5), (48.23532497327664, -108.03755198192843)
((4, 5), (5, 5), (8, 8)), (396.25, 549.7964607176052), (47.56205259973918, -108.06490490691715)
((4, 5), (5, 5), (10, 9)), (425.0, 557.5), (55.06088254545558, -118.11227974390752)
((4, 5), (5, 5), (5, 9)), (474.75, 586.1695276765516), (3.3437090196177808, -126.39284344936877)
((4, 5), (5, 5), (7, 9)), (474.75, 586.1695276765516), (16.26110692187407, -126.41012080360404)
((4, 5), (5, 5), (8, 10)), (396.25, 549.7964607176052), (37.24983906584841, -119.54584324995632)
((4, 5), (5, 5), (7, 10)), (474.75, 586.1695276765516), (19.14279349577857, -128.06247580888325)
((4, 5), (6, 5), (7, 8)), (474.75, 586.1695276765516), (15.617820962115227, -104.78817336793634)
((4, 5), (6, 5), (7, 7)), (474.75, 586.1695276765516), (31.20038924870785, -97.00097892788409)
((4, 5), (6, 5), (6, 8)), (474.75, 586.1695276765516), (3.6970385401362447, -114.27375328561955)
((4, 5), (6, 5), (6, 9)), (474.75, 586.1695276765516), (3.4823096660019455, -121.3472415710887)
((4, 5), (6, 5), (5, 8)), (474.75, 586.1695276765516), (3.434216257796879, -123.05209832948529)
((4, 5), (6, 5), (9, 7)), (474.75, 586.1695276765516), (43.656561573150285, -106.28589653794907)
((4, 5), (6, 5), (9, 8)), (474.75, 586.1695276765516), (39.422289587576444, -113.26986052442886)
((4, 5), (6, 5), (8, 8)), (474.75, 586.1695276765516), (33.52022890618781, -114.69285389615749)
((4, 5), (6, 5), (8, 9)), (474.75, 586.1695276765516), (28.891650132974846, -123.23833415994136)
((4, 5), (6, 5), (10, 9)), (474.75, 586.1695276765516), (47.335025672115385, -122.71320006386657)
((4, 5), (6, 5), (5, 9)), (474.75, 586.1695276765516), (3.3437090196177808, -126.39284344936877)
((4, 5), (6, 5), (9, 9)), (474.75, 586.1695276765516), (34.14768312313402, -125.0815101457423)
((4, 5), (6, 5), (7, 9)), (474.75, 586.1695276765516), (16.26110692187407, -126.41012080360404)
((4, 5), (6, 5), (7, 10)), (474.75, 586.1695276765516), (19.14279349577857, -128.06247580888325)
((4, 5), (6, 7), (7, 8)), (482.5, 500.0), (19.413879491852757, -93.62801171473791)
((4, 5), (6, 7), (8, 8)), (482.5, 500.0), (33.062654116296336, -96.41173314994099)
((4, 5), (6, 7), (6, 8)), (482.5, 500.0), (6.567611795910663, -97.89549258587198)
((4, 5), (6, 7), (6, 9)), (482.5, 500.0), (2.159708435579635, -106.06602629434546)
((4, 5), (6, 7), (5, 9)), (482.5, 500.0), (2.1208532212601034, -108.0123530011839)
((4, 5), (6, 7), (7, 9)), (482.5, 500.0), (17.116887550115838, -108.04637850016312)
((4, 5), (6, 7), (7, 10)), (482.5, 500.0), (20.330331231860228, -109.98843089186923)
((5, 4), (6, 4), (5, 6)), (524.75, 636.1695276765516), (-4.068725212311456, -100.70668666538273)
((5, 4), (6, 4), (7, 6)), (524.75, 636.1695276765516), (7.967948077813008, -104.76406969965313)
((5, 4), (6, 4), (6, 7)), (524.75, 636.1695276765516), (3.7572078138342295, -112.435872747997)
((5, 4), (6, 4), (7, 8)), (524.75, 636.1695276765516), (3.6396629045447395, -116.08253991659727)
((5, 4), (6, 4), (7, 7)), (446.25, 599.7964607176052), (35.72694434225702, -100.74886321277094)
((5, 4), (6, 4), (6, 8)), (524.75, 636.1695276765516), (-6.612190043380539, -124.734114194608)
((5, 4), (6, 4), (6, 9)), (524.75, 636.1695276765516), (-6.28740094159288, -131.2449380887964)
((5, 4), (6, 4), (5, 8)), (524.75, 636.1695276765516), (-6.213371611791318, -132.82279246855364)
((5, 4), (6, 4), (9, 7)), (446.25, 599.7964607176052), (47.16099434484227, -109.84743775843583)
((5, 4), (6, 4), (9, 8)), (446.25, 599.7964607176052), (43.15684274581777, -116.52737039826816)
((5, 4), (6, 4), (8, 8)), (524.75, 636.1695276765516), (22.672259832290994, -124.80160575513153)
((5, 4), (6, 4), (8, 9)), (524.75, 636.1695276765516), (18.506477087733163, -132.84749205394237)
((5, 4), (6, 4), (10, 9)), (446.25, 599.7964607176052), (50.55265650465218, -125.77493922710676)
((5, 4), (6, 4), (5, 9)), (524.75, 636.1695276765516), (-6.072792722890983, -135.92356920398709)
((5, 4), (6, 4), (9, 9)), (524.75, 636.1695276765516), (24.067491588504822, -134.4508726525509)
((5, 4), (6, 4), (7, 9)), (524.75, 636.1695276765516), (6.164199755977213, -135.9235858795982)
((5, 4), (6, 4), (7, 10)), (524.75, 636.1695276765516), (9.099880509728374, -137.44880020903847)
((5, 4), (5, 5), (7, 6)), (475.0, 607.5), (20.41723469725907, -97.77445617445136)
((5, 4), (5, 5), (6, 7)), (475.0, 607.5), (15.412623340139906, -105.89318050188373)
((5, 4), (5, 5), (7, 8)), (475.0, 607.5), (14.910392930477764, -109.75322254140833)
((5, 4), (5, 5), (7, 7)), (446.25, 599.7964607176052), (35.72694434225702, -100.74886321277094)
((5, 4), (5, 5), (6, 8)), (446.25, 599.7964607176052), (9.621410430131531, -117.21965153000517)
((5, 4), (5, 5), (6, 9)), (446.25, 599.7964607176052), (9.098501963555174, -124.12467321636649)
((5, 4), (5, 5), (5, 8)), (446.25, 599.7964607176052), (8.980390719845925, -125.79176205960309)
((5, 4), (5, 5), (9, 7)), (446.25, 599.7964607176052), (47.16099434484227, -109.84743775843583)
((5, 4), (5, 5), (9, 8)), (446.25, 599.7964607176052), (43.15684274581777, -116.52737039826816)
((5, 4), (5, 5), (8, 8)), (446.25, 599.7964607176052), (37.62493493287976, -117.83107368412534)
((5, 4), (5, 5), (8, 9)), (475.0, 607.5), (28.06061521103226, -127.46173995526613)
((5, 4), (5, 5), (10, 9)), (446.25, 599.7964607176052), (50.55265650465218, -125.77493922710676)
((5, 4), (5, 5), (5, 9)), (446.25, 599.7964607176052), (8.757174796714567, -129.061391495041)
((5, 4), (5, 5), (9, 9)), (446.25, 599.7964607176052), (38.07128759697677, -127.93815431420728)
((5, 4), (5, 5), (7, 9)), (475.0, 607.5), (15.728917527672502, -130.5574872279937)
((5, 4), (5, 5), (7, 10)), (475.0, 607.5), (18.551520805378246, -132.1556474727201)
((5, 4), (6, 5), (7, 8)), (503.75, 599.7964607176052), (8.722712646098719, -107.96752436594225)
((5, 4), (6, 5), (7, 7)), (503.75, 599.7964607176052), (24.62245189456806, -100.13232095173589)
((5, 4), (6, 5), (6, 8)), (503.75, 599.7964607176052), (-2.57588498418299, -117.21700491019743)
((5, 4), (6, 5), (6, 9)), (503.75, 599.7964607176052), (-2.432809355192407, -124.12289062144326)
((5, 4), (6, 5), (5, 8)), (503.75, 599.7964607176052), (-2.400612321504475, -125.79013660907222)
((5, 4), (6, 5), (9, 7)), (503.75, 599.7964607176052), (38.39440926000727, -108.81187845015765)
((5, 4), (6, 5), (9, 8)), (503.75, 599.7964607176052), (34.01956779797109, -115.85742045197898)
((5, 4), (6, 5), (8, 8)), (503.75, 599.7964607176052), (27.80831236017864, -117.40191179972621)
((5, 4), (6, 5), (8, 9)), (503.75, 599.7964607176052), (23.28646450563231, -125.86388608906029)
((5, 4), (6, 5), (10, 9)), (503.75, 599.7964607176052), (42.63262738933289, -124.97201889377119)
((5, 4), (6, 5), (5, 9)), (503.75, 599.7964607176052), (-2.339872921398912, -129.06003061438736)
((5, 4), (6, 5), (9, 9)), (503.75, 599.7964607176052), (28.816653662708223, -127.6016216730022)
((5, 4), (6, 5), (7, 9)), (503.75, 599.7964607176052), (10.503448362289065, -129.06285437320167)
((5, 4), (6, 5), (7, 10)), (503.75, 599.7964607176052), (13.487788867796246, -130.6717053349567)
((5, 4), (6, 7), (6, 8)), (503.74999999999994, 500.20353928239473), (1.1696899066653885, -97.9464674839001)
((5, 4), (6, 7), (6, 9)), (503.74999999999994, 500.20353928239473), (-2.8447364395802373, -106.11400840651079)
((5, 4), (6, 7), (5, 9)), (503.74999999999994, 500.20353928239473), (-2.7936613531333605, -108.05946903056821)
((6, 4), (5, 5), (7, 6)), (496.25, 599.7964607176052), (15.784784771861748, -95.72494255196041)
((6, 4), (5, 5), (5, 6)), (496.25, 599.7964607176052), (2.901429367668599, -104.03443140128947)
((6, 4), (5, 5), (6, 7)), (496.25, 599.7964607176052), (10.796946783080136, -104.04043358015628)
((6, 4), (5, 5), (7, 8)), (496.25, 599.7964607176052), (10.419024340209278, -107.96990594560349)
((6, 4), (5, 5), (7, 7)), (438.83047232344836, 599.75), (37.02554936135202, -100.8575823139118)
((6, 4), (5, 5), (6, 8)), (496.25, 599.7964607176052), (-0.9774638005672572, -117.2169915256275)
((6, 4), (5, 5), (6, 9)), (496.25, 599.7964607176052), (-0.9230932668552857, -124.12288165231618)
((6, 4), (5, 5), (5, 8)), (496.25, 599.7964607176052), (-0.9108610272801625, -125.79012843906395)
((6, 4), (5, 5), (9, 7)), (438.83047232344836, 599.75), (48.2048025529264, -110.00181590443157)
((6, 4), (5, 5), (9, 8)), (496.25, 599.7964607176052), (35.28093460971471, -115.92433538467762)
((6, 4), (5, 5), (8, 8)), (496.25, 599.7964607176052), (29.15805178922305, -117.44033065580328)
((6, 4), (5, 5), (8, 9)), (496.25, 599.7964607176052), (24.62696159627793, -125.8823594624066)
((6, 4), (5, 5), (10, 9)), (438.83047232344836, 599.75), (51.51340679466302, -125.89076259964523)
((6, 4), (5, 5), (5, 9)), (496.25, 599.7964607176052), (-0.8877877770996071, -129.06002378677198)
((6, 4), (5, 5), (9, 9)), (496.25, 599.7964607176052), (30.07768324086714, -127.63253357771191)
((6, 4), (5, 5), (7, 9)), (496.25, 599.7964607176052), (11.923846625510864, -129.0647249725144)
((6, 4), (5, 5), (7, 10)), (496.25, 599.7964607176052), (14.873294889268747, -130.6752545202076)
((6, 4), (6, 5), (7, 8)), (496.25, 599.7964607176052), (10.419024340209278, -107.96990594560349)
((6, 4), (6, 5), (7, 7)), (525.0, 607.5), (19.702881775138543, -101.92892236256696)
((6, 4), (6, 5), (6, 8)), (553.75, 599.7964607176052), (-13.077340952729545, -117.2260692802898)
((6, 4), (6, 5), (6, 9)), (553.75, 599.7964607176052), (-12.380627412640209, -124.12902376702263)
((6, 4), (6, 5), (5, 8)), (553.75, 599.7964607176052), (-12.222732416830707, -125.79573429275356)
((6, 4), (6, 5), (9, 7)), (496.25, 599.7964607176052), (39.61298311525297, -108.9221616169873)
((6, 4), (6, 5), (9, 8)), (496.25, 599.7964607176052), (35.28093460971471, -115.92433538467762)
((6, 4), (6, 5), (8, 8)), (525.0, 607.5), (23.59363722216351, -118.94075725224873)
((6, 4), (6, 5), (8, 9)), (525.0, 607.5), (19.195580186750856, -127.34482944459796)
((6, 4), (6, 5), (10, 9)), (496.25, 599.7964607176052), (43.717448122859366, -125.06014749855748)
((6, 4), (6, 5), (5, 9)), (553.75, 599.7964607176052), (-11.923846625510853, -129.0647249725144)
((6, 4), (6, 5), (9, 9)), (525.0, 607.5), (24.9062467781991, -129.02756925492938)
((6, 4), (6, 5), (7, 9)), (496.25, 599.7964607176052), (11.923846625510864, -129.0647249725144)
((6, 4), (6, 5), (7, 10)), (496.25, 599.7964607176052), (14.873294889268747, -130.6752545202076)
((6, 4), (6, 7), (9, 8)), (496.25, 500.2035392823948), (42.30866812758256, -84.41837129443059)
((6, 4), (6, 7), (6, 8)), (553.75, 500.20353928239473), (-11.435298266495206, -97.95556337562525)
((6, 4), (6, 7), (6, 9)), (553.75, 500.20353928239473), (-10.59386270809618, -106.11925106287025)
((5, 5), (6, 5), (7, 8)), (524.75, 586.1695276765516), (4.030943782307244, -104.76243174952441)
((5, 5), (6, 5), (7, 7)), (446.25, 549.7964607176052), (38.573483735483634, -88.17359374269518)
((5, 5), (6, 5), (6, 8)), (524.75, 586.1695276765516), (-7.20899370404729, -114.27459563263179)
((5, 5), (6, 5), (6, 9)), (524.75, 586.1695276765516), (-6.794506912879924, -121.34779678113465)
((5, 5), (6, 5), (5, 8)), (524.75, 586.1695276765516), (-6.701503987786063, -123.0526022405482)
((5, 5), (6, 5), (9, 7)), (475.0, 557.5), (45.08222376478678, -99.78245124630823)
((5, 5), (6, 5), (9, 8)), (446.25, 549.7964607176052), (45.57293148555349, -105.86790460284752)
((5, 5), (6, 5), (8, 8)), (446.25, 549.7964607176052), (40.032236222443906, -107.06939039011328)
((5, 5), (6, 5), (8, 9)), (446.25, 549.7964607176052), (35.28093460971471, -115.92433538467762)
((5, 5), (6, 5), (10, 9)), (446.25, 549.7964607176052), (52.732569754654314, -116.103863883657)
((5, 5), (6, 5), (5, 9)), (524.75, 586.1695276765516), (-6.526329247355217, -126.39326173177992)
((5, 5), (6, 5), (9, 9)), (446.25, 549.7964607176052), (40.245896110432284, -118.01772930760781)
((5, 5), (6, 5), (7, 9)), (524.75, 586.1695276765516), (6.624428971362069, -126.3932893572229)
((5, 5), (6, 5), (7, 10)), (524.75, 586.1695276765516), (9.755314827164197, -128.03266070084283)
((5, 5), (6, 7), (9, 7)), (490.5, 500.0), (45.78201066503074, -85.2694715804754)
((5, 5), (6, 7), (9, 8)), (490.5, 500.0), (41.36876831061645, -93.11873890805697)
((5, 5), (6, 7), (7, 8)), (490.5, 500.0), (17.505770059007837, -93.59871666156911)
((5, 5), (6, 7), (8, 8)), (490.5, 500.0), (35.14556920251633, -94.45119416680237)
((5, 5), (6, 7), (8, 9)), (490.5, 500.0), (29.777690714558275, -104.42907163490779)
((5, 5), (6, 7), (10, 9)), (490.5, 500.0), (49.15779328075958, -104.64200524112138)
((5, 5), (6, 7), (6, 8)), (490.5, 500.0), (4.544418849427795, -97.89472834069278)
((5, 5), (6, 7), (6, 9)), (490.5, 500.0), (0.27498412216430146, -106.06601718037805)
((5, 5), (6, 7), (5, 9)), (490.5, 500.0), (0.2700291747671447, -108.01234497557391)
((5, 5), (6, 7), (9, 9)), (490.5, 500.0), (35.41695986545413, -106.7153358328328)
((5, 5), (6, 7), (7, 9)), (490.5, 500.0), (15.385120508707983, -108.03456425963645)
((5, 5), (6, 7), (7, 10)), (490.5, 500.0), (18.671537898475947, -109.9699208110345)
((5, 5), (5, 8), (8, 8)), (446.25, 450.2035392823948), (47.77980998500472, -83.69140173480336)
((5, 5), (5, 8), (6, 9)), (446.25, 450.2035392823948), (11.435298266495204, -97.95556337562527)
((6, 5), (6, 7), (9, 7)), (511.5766062413412, 507.75), (42.096178779584996, -86.45410308074082)
((6, 5), (6, 7), (9, 8)), (511.5766062413412, 507.75), (37.37285327441628, -94.54666803107818)
((6, 5), (6, 7), (7, 8)), (511.5766062413412, 507.75), (12.03611058118647, -95.60228131074001)
((6, 5), (6, 7), (8, 8)), (511.5766062413412, 507.75), (30.708728563593677, -96.09270996445113)
((6, 5), (6, 7), (8, 9)), (511.5766062413412, 507.75), (25.288949374762904, -106.0997913920318)
((6, 5), (6, 7), (10, 9)), (511.5766062413412, 507.75), (45.78799009801687, -105.81462422831495)
((6, 5), (6, 7), (6, 8)), (538.4233937586588, 507.75), (-7.491228883339754, -99.85564166974336)
((6, 5), (6, 7), (6, 9)), (538.4233937586588, 507.75), (-10.728988115491545, -107.88252175208058)
((6, 5), (6, 7), (5, 9)), (538.4233937586588, 507.75), (-10.548884116020005, -109.79614683256753)
((6, 5), (6, 7), (9, 9)), (511.5766062413412, 507.75), (31.27984339615005, -108.25520064275462)
((6, 5), (6, 7), (7, 9)), (511.5766062413412, 507.75), (10.548884116020018, -109.79614683256753)
((6, 5), (6, 7), (7, 10)), (511.5766062413412, 507.75), (13.977800156242143, -111.68658629279078)
((6, 5), (8, 7), (9, 8)), (582.5, 500.0), (30.302829232015267, -94.04960195929698)
((6, 5), (8, 7), (6, 8)), (582.5, 500.0), (-18.291149568523505, -97.95406706755631)
((6, 5), (8, 7), (6, 9)), (582.5, 500.0), (-20.616562156882814, -106.14158430700277)
((6, 5), (8, 7), (5, 9)), (582.5, 500.0), (-20.295127834859034, -108.07955616106747)
((6, 5), (8, 7), (8, 8)), (582.5, 500.0), (18.674613964840095, -97.95921293651674)
((6, 5), (8, 7), (9, 9)), (582.5, 500.0), (17.39971667633212, -106.10438942192283)
((6, 5), (8, 7), (10, 9)), (582.5, 500.0), (24.406274297476198, -106.21417735736004)
((6, 5), (8, 7), (7, 9)), (582.5, 500.0), (-5.578595786663425, -108.01272925147617)
((6, 5), (8, 7), (8, 10)), (582.5, 500.0), (2.12085322126009, -108.0123530011839)
((6, 5), (8, 7), (7, 10)), (582.5, 500.0), (-1.7053101335478298, -109.92421950242982)
((6, 5), (5, 8), (8, 8)), (496.25, 450.2035392823948), (40.04223522434167, -81.528801637488)
((6, 5), (5, 8), (9, 8)), (496.25, 450.2035392823948), (45.35161568209978, -82.91834934398427)
((6, 5), (5, 8), (6, 9)), (496.25, 450.2035392823948), (3.1499997318006794, -95.79589949217154)
((6, 7), (8, 7), (9, 8)), (574.75, 486.16952767655164), (32.642911175844375, -90.5372449118588)
((6, 7), (8, 7), (10, 9)), (574.75, 486.16952767655164), (36.86172899610762, -99.55613134445373)
((6, 7), (8, 7), (6, 8)), (574.75, 486.16952767655164), (-17.04296958652919, -94.34663729345542)
((6, 7), (8, 7), (6, 9)), (574.75, 486.16952767655164), (-19.499648790868527, -102.82097014284342)
((6, 7), (8, 7), (5, 9)), (574.75, 486.16952767655164), (-19.17396228794582, -104.82101098625948)
((6, 7), (8, 7), (8, 8)), (574.75, 486.16952767655164), (21.081156905827115, -94.41380462230305)
((6, 7), (8, 7), (9, 9)), (574.75, 486.16952767655164), (19.609070364222116, -102.82247343979694)
((6, 7), (8, 7), (8, 10)), (574.75, 486.16952767655164), (4.030943782307244, -104.76243174952441)
((6, 7), (8, 7), (7, 10)), (574.75, 486.16952767655164), (0.05855763462872449, -106.73242111543215)
((6, 7), (10, 7), (8, 10)), (624.5, 400.0), (0.14852166892443322, -84.16254115342541)
((6, 7), (5, 8), (8, 8)), (438.83047232344836, 449.75000000000006), (48.02646887480642, -88.07217841602952)
((6, 7), (5, 8), (10, 9)), (438.83047232344836, 449.75000000000006), (50.98917779539078, -97.22443510169194)
((6, 7), (5, 8), (9, 8)), (438.83047232344836, 449.75000000000006), (53.2375299817164, -85.63264958043767)
((6, 7), (5, 8), (7, 9)), (496.25, 449.7964607176052), (15.784784771861748, -95.72494255196041)
((6, 7), (5, 8), (8, 10)), (438.83047232344836, 449.75000000000006), (34.99003373460426, -96.51465988022035)
((6, 7), (5, 8), (7, 10)), (438.83047232344836, 449.75000000000006), (34.52588181961067, -98.5751787018783)
((6, 7), (5, 9), (8, 10)), (467.5, 400.0), (32.52306044940635, -82.6466403705366)
((6, 7), (5, 9), (8, 8)), (467.5, 400.0), (44.315486379096406, -70.33050153080093)
((6, 7), (5, 9), (7, 10)), (509.5, 400.0), (18.536526115900713, -84.26127222879693)
((6, 7), (5, 9), (9, 8)), (467.5, 400.0), (47.548832770511105, -81.2834669011057)
((6, 7), (5, 9), (10, 9)), (467.5, 400.0), (50.93899416833044, -89.0625851585645)
((6, 7), (7, 9), (8, 10)), (540.5, 400.0), (23.26112950699759, -84.40631994068482)
((6, 7), (7, 9), (9, 8)), (540.5, 400.0), (35.63754785786524, -78.08873709780971)
((6, 7), (7, 9), (10, 9)), (540.5, 400.0), (40.03935671050742, -86.19323803283828)
((8, 7), (10, 7), (6, 8)), (674.75, 486.16952767655164), (-37.700849747322245, -95.46458189305238)
((8, 7), (10, 7), (6, 9)), (674.75, 486.16952767655164), (-38.71901244506167, -103.76517098904083)
((8, 7), (10, 7), (5, 9)), (674.75, 486.16952767655164), (-38.286613763359476, -105.676648287609)
((8, 7), (10, 7), (8, 8)), (674.75, 486.16952767655164), (-4.343187609096121, -94.29660510299668)
((8, 7), (10, 7), (9, 9)), (674.75, 486.16952767655164), (-3.988137691669165, -102.75456361330124)
((8, 7), (10, 7), (10, 9)), (674.75, 486.16952767655164), (12.058553340530196, -102.76418897997166)
((8, 7), (10, 7), (8, 10)), (674.75, 486.16952767655164), (-19.17396228794583, -104.82101098625948)
((8, 7), (10, 7), (7, 10)), (674.75, 486.16952767655164), (-22.362301350564074, -106.83501081559558)
((8, 7), (5, 8), (6, 9)), (567.5, 400.0), (-17.31996453845795, -81.7321096732825)
((8, 7), (5, 8), (8, 10)), (567.5, 400.0), (7.339946803057938, -81.65232398809755)
((8, 7), (5, 8), (7, 10)), (567.5, 400.0), (2.2262736763230113, -84.16256175587316)
((8, 7), (10, 8), (6, 9)), (711.1695276765516, 449.75), (-43.383592644102336, -97.60141168962357)
((8, 7), (10, 8), (8, 10)), (711.1695276765516, 449.75), (-28.574282501050167, -96.05426429094015)
((8, 7), (10, 8), (7, 10)), (711.1695276765516, 449.75), (-28.126033778405986, -98.16200155526525)
((8, 7), (10, 8), (9, 9)), (711.1695276765516, 449.75), (-18.29796726156599, -91.29229966275754)
((8, 7), (10, 8), (10, 9)), (711.1695276765516, 449.75), (-0.7247317449423875, -97.83063611240433)
((8, 7), (5, 9), (8, 8)), (538.8304723234484, 350.25), (34.956308150360144, -48.18883900751013)
((8, 7), (5, 9), (9, 8)), (538.8304723234484, 350.25), (39.08487249288589, -62.75646278343551)
((8, 7), (7, 9), (8, 10)), (609.5, 400.0), (4.59050914891724, -84.16291358940812)
((8, 7), (7, 9), (9, 8)), (567.5, 400.0), (30.175470514490012, -77.27977554860999)
((8, 7), (7, 9), (10, 9)), (567.5, 400.0), (35.22960656690374, -85.40787351062141)
((8, 7), (7, 9), (7, 10)), (609.5, 400.0), (-14.369635352299087, -86.63533103200348)
((8, 7), (9, 9), (7, 10)), (640.5, 400.0), (-22.213354912611965, -86.78896351269991)
((10, 7), (10, 8), (6, 9)), (725.0, 457.5), (-45.08222376478679, -99.78245124630823)
((10, 7), (10, 8), (8, 10)), (753.75, 449.7964607176052), (-36.644128912392105, -96.69202195832904)
((10, 7), (10, 8), (8, 8)), (753.75, 449.7964607176052), (-30.038953051029214, -82.32034969365083)
((10, 7), (10, 8), (7, 10)), (753.75, 449.7964607176052), (-36.180988138632564, -98.73669217103787)
((10, 7), (10, 8), (9, 9)), (725.0, 457.5), (-21.20358199956767, -93.44240591032967)
((5, 8), (5, 9), (8, 10)), (446.25, 399.7964607176052), (36.615655750677135, -83.16477048620027)
((5, 8), (5, 9), (8, 8)), (425.2035392823948, 378.75), (50.9992973631545, -67.68242002642484)
((5, 8), (5, 9), (7, 10)), (446.25, 399.7964607176052), (36.09575182749525, -85.47235011576817)
((5, 8), (5, 9), (9, 8)), (425.2035392823948, 378.75), (54.008337683042235, -78.44430643414135)
((5, 8), (5, 9), (10, 9)), (425.2035392823948, 378.75), (57.068428117288214, -86.28693599927692)
((5, 8), (7, 9), (8, 10)), (488.4233937586588, 357.75), (37.15179844392556, -72.99570808959683)
((5, 8), (7, 9), (9, 8)), (488.4233937586588, 357.75), (46.54305530052026, -68.67244920126615)
((5, 8), (7, 9), (10, 9)), (488.4233937586588, 357.75), (50.04802738070828, -77.55038949726423)
((5, 8), (7, 9), (7, 10)), (524.7964607176052, 378.75), (10.279603730003492, -80.24483839217413)
((10, 8), (7, 9), (8, 10)), (667.5, 350.0), (-14.9485077240532, -67.78054385258896)
((10, 8), (7, 9), (9, 8)), (667.5, 350.0), (3.2374001876679337, -57.73531230457186)
((10, 8), (7, 9), (10, 9)), (667.5, 350.0), (14.411559375616367, -67.76965150046811)
((5, 9), (7, 9), (8, 10)), (524.75, 386.16952767655164), (27.808058869317428, -80.52348943932239)
((5, 9), (7, 9), (9, 8)), (524.75, 386.16952767655164), (39.36837354654346, -74.65149092806945)
((5, 9), (7, 9), (10, 9)), (524.75, 386.16952767655164), (43.39585304766613, -83.09865221454805)
((5, 9), (7, 9), (7, 10)), (524.75, 386.16952767655164), (10.026002856285045, -82.52248272018561)
((7, 9), (9, 9), (7, 10)), (624.75, 386.16952767655164), (-19.077467965304315, -82.63096384349828)
