((1, 1), (3, 1), (3, 4)), (259.8, 943.5766382926189), (5.858524077182222, -137.66938615890643)
((1, 1), (3, 1), (5, 2)), (259.8, 943.5766382926189), (24.98147320939341, -112.17730536373554)
((1, 1), (3, 1), (4, 3)), (259.8, 943.5766382926189), (13.867456363032508, -133.74676984854278)
((1, 1), (3, 1), (3, 5)), (259.8, 943.5766382926189), (11.95879813800713, -155.84278356334573)
((1, 1), (3, 1), (2, 5)), (259.8, 943.5766382926189), (-1.697307321321086, -152.37934490662377)
((1, 1), (3, 1), (1, 6)), (259.8, 943.5766382926189), (-7.685470549437099, -172.10340550160942)
((1, 1), (3, 1), (16, 4)), (165.0, 900.6217782649107), (108.60441374088471, -150.69580303727366)
((1, 1), (1, 3), (4, 1)), (139.3782217350893, 875.0), (57.226406752378644, -70.43835086092871)
((1, 1), (1, 3), (3, 3)), (139.3782217350893, 875.0), (44.51199342315991, -108.02650948364007)
((1, 1), (1, 3), (3, 4)), (139.3782217350893, 875.0), (42.462679916177144, -117.06368016106907)
((1, 1), (1, 3), (5, 2)), (139.3782217350893, 875.0), (59.41569571187743, -92.34729958633598)
((1, 1), (1, 3), (4, 3)), (139.3782217350893, 875.0), (49.5402670977385, -113.43755779843515)
((1, 1), (1, 3), (3, 5)), (139.3782217350893, 875.0), (44.04904614159386, -137.83384328197786)
((1, 1), (1, 3), (2, 5)), (139.3782217350893, 875.0), (32.28030752873264, -133.39547521175407)
((1, 1), (1, 3), (1, 6)), (139.3782217350893, 875.0), (22.02816127614648, -155.38045542727534)
((1, 1), (1, 3), (16, 4)), (139.3782217350893, 875.0), (111.64308287859976, -147.29027062865777)
((1, 1), (1, 3), (14, 3)), (139.3782217350893, 875.0), (107.21083714101697, -138.7793257483975)
((1, 1), (7, 1), (2, 2)), (319.6, 840.0), (-40.15051506840289, -69.33437627345116)
((1, 1), (7, 1), (3, 3)), (319.6, 840.0), (-16.60262676727166, -92.42417503339183)
((1, 1), (7, 1), (3, 4)), (319.6, 840.0), (-15.016293117279915, -103.30261994131678)
((1, 1), (7, 1), (5, 3)), (319.6, 840.0), (16.917163944094774, -92.4279221862785)
((1, 1), (7, 1), (5, 2)), (319.6, 840.0), (8.27601190043758, -65.32814006754205)
((1, 1), (7, 1), (4, 3)), (319.6, 840.0), (-5.264788364432027, -97.9799981080995)
((1, 1), (7, 1), (3, 5)), (319.6, 840.0), (-4.085614505955038, -126.49117524326786)
((1, 1), (7, 1), (2, 5)), (319.6, 840.0), (-21.056671837529585, -122.25582269000077)
((1, 1), (7, 1), (1, 6)), (319.6, 840.0), (-24.731869699988714, -146.1193228022853)
((1, 1), (7, 1), (16, 4)), (319.6, 840.0), (94.40476245683718, -128.59446875967845)
((1, 1), (7, 1), (16, 6)), (319.6, 840.0), (95.2086593371982, -144.85401328881485)
((1, 1), (7, 1), (14, 3)), (319.6, 840.0), (89.14674369049139, -118.67702989257842)
((1, 1), (5, 5), (2, 2)), (303.57663829261884, 780.1999999999999), (-39.15087298702431, -35.99717580138259)
((1, 1), (5, 5), (4, 1)), (259.7999999999999, 736.4233617073811), (19.657339966048422, -4.240361721491887)
((1, 1), (5, 5), (3, 4)), (303.57663829261884, 780.1999999999999), (-11.998598265146361, -76.7214953209787)
((1, 1), (5, 5), (5, 3)), (303.57663829261884, 780.1999999999999), (29.462986616262985, -62.773882174679514)
((1, 1), (5, 5), (5, 2)), (259.7999999999999, 736.4233617073811), (34.84655589641355, -18.394381651718096)
((1, 1), (5, 5), (4, 3)), (303.57663829261884, 780.1999999999999), (1.7798915296180107, -69.39742130620473)
((1, 1), (5, 5), (3, 5)), (303.57663829261884, 780.1999999999999), (1.166945919047892, -105.90561913956708)
((1, 1), (5, 5), (2, 5)), (303.57663829261884, 780.1999999999999), (-19.23538819925911, -100.81073373716296)
((1, 1), (5, 5), (1, 6)), (303.57663829261884, 780.1999999999999), (-23.152368775732523, -128.7116048207156)
((1, 1), (5, 5), (16, 5)), (303.57663829261884, 780.1999999999999), (99.14696020637817, -130.09720989981327)
((1, 1), (5, 5), (16, 4)), (303.57663829261884, 780.1999999999999), (97.51558920916759, -116.61428068023949)
((1, 1), (5, 5), (16, 6)), (303.57663829261884, 780.1999999999999), (98.80266018269823, -132.9451539383926)
((1, 1), (5, 5), (14, 3)), (303.57663829261884, 780.1999999999999), (92.26064847407461, -106.08523292943674)
((1, 1), (3, 3), (2, 2)), (260.6217782649107, 875.0), (-15.60971391955247, -84.11336613629777)
((1, 1), (3, 3), (4, 1)), (319.6, 840.0), (-16.083117442419763, -16.08311744241976)
((1, 1), (3, 3), (3, 3)), (210.2, 857.6669182372026), (26.14155240559219, -99.96708696112114)
((1, 1), (3, 3), (3, 4)), (260.6217782649107, 875.0), (6.657550502352935, -116.04659644195797)
((1, 1), (3, 3), (5, 2)), (200.0, 860.4), (48.307487675387186, -81.9159730347268)
((1, 1), (3, 3), (4, 3)), (210.2, 857.6669182372026), (33.274146299867056, -105.46826109664104)
((1, 1), (3, 3), (3, 5)), (210.2, 857.6669182372026), (27.95926800448884, -132.09230122222414)
((1, 1), (3, 3), (2, 5)), (260.6217782649107, 875.0), (-2.1886804715387056, -133.16656722821813)
((1, 1), (3, 3), (1, 6)), (260.6217782649107, 875.0), (-8.715445212985568, -155.34983878242787)
((1, 1), (3, 3), (16, 4)), (200.0, 860.4), (106.22939029610694, -140.70403067616405)
((1, 1), (3, 3), (16, 6)), (200.0, 860.4), (107.06323502988391, -155.37443579702634)
((1, 1), (3, 3), (14, 3)), (200.0, 860.4), (101.56391023826015, -131.76088209067444)
((3, 1), (1, 3), (4, 1)), (219.3782217350893, 875.0), (40.25373878863546, -59.509631433607666)
((3, 1), (1, 3), (3, 3)), (219.3782217350893, 875.0), (21.840026769981545, -106.55220726977211)
((3, 1), (1, 3), (3, 4)), (219.3782217350893, 875.0), (20.268354065852723, -116.0999002452846)
((3, 1), (1, 3), (5, 2)), (219.3782217350893, 875.0), (42.44170123778075, -86.59866431740458)
((3, 1), (1, 3), (4, 3)), (219.3782217350893, 875.0), (29.268332151472038, -111.61944087943903)
((3, 1), (1, 3), (3, 5)), (219.3782217350893, 875.0), (24.655018249719532, -137.18467137814443)
((3, 1), (1, 3), (2, 5)), (219.3782217350893, 875.0), (10.140322770682987, -133.16880095310873)
((3, 1), (1, 3), (1, 6)), (219.3782217350893, 875.0), (1.876388889508781, -155.34907095631883)
((3, 1), (1, 3), (16, 4)), (219.3782217350893, 875.0), (103.94826178018475, -142.4362953799428)
((3, 1), (1, 3), (16, 6)), (219.3782217350893, 875.0), (104.68875401616408, -157.24115373458082)
((3, 1), (1, 3), (14, 3)), (219.3782217350893, 875.0), (99.20331070876624, -133.5345321086586)
((3, 1), (3, 7), (2, 2)), (280.0, 720.4), (-25.860883288457124, -9.114187945440847)
((3, 1), (3, 7), (3, 4)), (280.0, 720.4), (0.0, -33.14614105241602)
((3, 1), (3, 7), (5, 3)), (280.0, 720.4), (39.742826291166686, -33.83374761577889)
((3, 1), (3, 7), (5, 2)), (280.0, 720.4), (25.86088328845711, -9.114187945440847)
((3, 1), (3, 7), (4, 3)), (280.0, 720.4), (23.09271191212578, -23.441700374780623)
((3, 1), (3, 7), (3, 5)), (280.0, 720.4), (12.957587532644464, -80.22705158910068)
((3, 1), (3, 7), (2, 5)), (280.0, 720.4), (-14.037640683499413, -73.29775542550892)
((3, 1), (3, 7), (1, 6)), (280.0, 720.4), (-19.06960539445665, -108.51987154219148)
((3, 1), (3, 7), (16, 5)), (280.0, 720.4), (102.70097911722398, -119.34356475565767)
((3, 1), (3, 7), (16, 4)), (280.0, 720.4), (100.59276768101323, -106.10997322329816)
((3, 1), (3, 7), (16, 6)), (280.0, 720.4), (102.4970778831997, -122.08186890665199)
((3, 1), (3, 7), (14, 3)), (280.0, 720.4), (95.21902718079492, -95.30308103570695)
((3, 1), (7, 1), (2, 2)), (383.5766382926189, 899.8), (-50.453339124271444, -98.57729190846237)
((3, 1), (7, 1), (3, 3)), (383.5766382926189, 899.8), (-33.08133469306341, -115.78715906896645)
((3, 1), (7, 1), (3, 4)), (383.5766382926189, 899.8), (-31.289730118849683, -124.54901794143679)
((3, 1), (7, 1), (4, 3)), (383.5766382926189, 899.8), (-24.595697267752588, -120.03914980651075)
((3, 1), (7, 1), (3, 5)), (383.5766382926189, 899.8), (-20.895708071030985, -144.19836579690997)
((3, 1), (7, 1), (2, 5)), (383.5766382926189, 899.8), (-34.88609711257159, -140.6846483835015)
((3, 1), (7, 1), (1, 6)), (383.5766382926189, 899.8), (-36.87067346539931, -161.8267712399861)
((3, 1), (7, 1), (16, 4)), (340.6217782649107, 875.0), (90.89517744662044, -135.164990798762)
((3, 1), (7, 1), (16, 6)), (340.6217782649107, 875.0), (91.48547363742848, -151.40213023483756)
((3, 1), (7, 1), (14, 3)), (340.6217782649107, 875.0), (85.47377750299637, -125.62632695641983)
((3, 1), (5, 5), (2, 2)), (340.6217782649107, 805.0), (-47.43593233844529, -55.67749420189739)
((3, 1), (5, 5), (4, 1)), (340.6217782649107, 805.0), (-21.74550503064247, -8.814873573385533)
((3, 1), (5, 5), (3, 4)), (340.6217782649107, 805.0), (-25.224266434314778, -88.98199800986498)
((3, 1), (5, 5), (5, 2)), (339.7999999999999, 736.4233617073811), (-4.063240529529212, -0.26040978980071827)
((3, 1), (5, 5), (3, 5)), (340.6217782649107, 805.0), (-11.699704872886773, -114.8974295434044)
((3, 1), (5, 5), (2, 5)), (340.6217782649107, 805.0), (-29.50959081833499, -110.43329937443707)
((3, 1), (5, 5), (1, 6)), (340.6217782649107, 805.0), (-31.716866941563776, -136.33699163371654)
((3, 1), (5, 5), (16, 5)), (280.0, 770.0), (101.8000352660354, -129.594337883631)
((3, 1), (5, 5), (16, 4)), (280.0, 770.0), (100.09635078288036, -116.38195019747197)
((3, 1), (5, 5), (16, 6)), (280.0, 770.0), (101.4945497578782, -132.37261556830845)
((3, 1), (5, 5), (14, 3)), (280.0, 770.0), (94.93164751782405, -105.97771628548158)
((3, 1), (3, 3), (2, 2)), (340.6217782649107, 875.0), (-42.44170123778075, -86.59866431740458)
((3, 1), (3, 3), (4, 1)), (219.3782217350893, 875.0), (40.25373878863546, -59.509631433607666)
((3, 1), (3, 3), (3, 3)), (340.6217782649107, 875.0), (-21.840026769981545, -106.55220726977211)
((3, 1), (3, 3), (3, 4)), (340.6217782649107, 875.0), (-20.268354065852723, -116.0999002452846)
((3, 1), (3, 3), (3, 5)), (219.3782217350893, 875.0), (24.655018249719532, -137.18467137814443)
((3, 1), (3, 3), (2, 5)), (340.6217782649107, 875.0), (-25.291232162238785, -133.25305108275387)
((3, 1), (3, 3), (1, 6)), (340.6217782649107, 875.0), (-28.379349267107436, -155.4354566542736)
((3, 1), (3, 3), (16, 4)), (219.3782217350893, 875.0), (103.94826178018475, -142.4362953799428)
((3, 1), (3, 3), (16, 6)), (219.3782217350893, 875.0), (104.68875401616408, -157.24115373458082)
((3, 1), (3, 3), (14, 3)), (219.3782217350893, 875.0), (99.20331070876624, -133.5345321086586)
((1, 3), (3, 7), (2, 2)), (260.6217782649107, 725.0), (-18.098530255576087, -4.653346133213496)
((1, 3), (3, 7), (4, 1)), (200.0, 690.0), (35.161305591535445, -11.227170539092704)
((1, 3), (3, 7), (3, 3)), (303.57663829261884, 700.1999999999999), (-16.53424221996225, -5.28222874032139)
((1, 3), (3, 7), (3, 4)), (303.57663829261884, 700.1999999999999), (-21.324580072714614, -16.2632054206368)
((1, 3), (3, 7), (5, 3)), (200.0, 690.0), (55.576293418541496, -42.52659420573875)
((1, 3), (3, 7), (5, 2)), (200.0, 690.0), (46.464622912330114, -23.704481827296547)
((1, 3), (3, 7), (4, 3)), (200.0, 690.0), (45.31727417878292, -34.33001647679368)
((1, 3), (3, 7), (3, 5)), (260.6217782649107, 725.0), (20.94353878882978, -82.63278433995757)
((1, 3), (3, 7), (10, 17)), (260.6217782649107, 725.0), (60.70292422766989, -205.72028782053567)
((1, 3), (3, 7), (16, 5)), (200.0, 690.0), (110.57173167086248, -119.95254158127135)
((1, 3), (3, 7), (16, 4)), (200.0, 690.0), (108.31963785011227, -107.7059337927841)
((1, 3), (3, 7), (16, 6)), (200.0, 690.0), (110.46169703019979, -122.4554222476052)
((1, 3), (3, 7), (10, 18)), (260.6217782649107, 725.0), (50.361644353160735, -215.4188679213404)
((1, 3), (3, 7), (14, 3)), (200.0, 690.0), (103.1980213305291, -97.55626618609104)
((1, 3), (5, 5), (2, 2)), (319.6, 760.0), (-42.26784833047842, -31.845026611745546)
((1, 3), (5, 5), (3, 3)), (303.57663829261884, 700.1999999999999), (-16.53424221996225, -5.28222874032139)
((1, 3), (5, 5), (5, 2)), (270.0, 760.0), (34.16730613478644, -22.686242716021148)
((1, 3), (5, 5), (4, 3)), (270.0, 760.0), (22.260534455534852, -57.227423658305995)
((1, 3), (5, 5), (3, 5)), (270.0, 760.0), (14.63877019331252, -98.00398529559419)
((1, 3), (5, 5), (2, 5)), (270.0, 760.0), (-7.173490091385302, -92.37772262525874)
((1, 3), (5, 5), (1, 6)), (270.0, 760.0), (-13.999252821946232, -122.21253962417197)
((1, 3), (5, 5), (16, 5)), (270.0, 760.0), (103.0094843178014, -128.2424653023661)
((1, 3), (5, 5), (16, 4)), (270.0, 760.0), (101.23423970451695, -115.1359841907188)
((1, 3), (5, 5), (16, 6)), (270.0, 760.0), (102.73043271486088, -130.9883792081804)
((1, 3), (5, 5), (14, 3)), (270.0, 760.0), (96.08499429976963, -104.73749922476333)
((1, 3), (3, 3), (2, 2)), (259.8, 863.5766382926189), (-16.192159144073663, -78.51082673600794)
((1, 3), (3, 3), (3, 3)), (259.8, 863.5766382926189), (7.868789392094872, -102.07757996552748)
((1, 3), (3, 3), (5, 2)), (165.0, 820.6217782649107), (57.4473349854766, -70.19230616092824)
((1, 3), (3, 3), (4, 3)), (259.8, 863.5766382926189), (17.054706173562984, -107.20770430646664)
((1, 3), (3, 3), (3, 5)), (259.8, 863.5766382926189), (13.867456363032508, -133.74676984854278)
((1, 3), (3, 3), (1, 6)), (259.8, 863.5766382926189), (-8.669483970726692, -152.38014202071463)
((1, 3), (3, 3), (16, 5)), (165.0, 820.6217782649107), (111.76306535439085, -147.15576654235434)
((1, 3), (3, 3), (16, 4)), (165.0, 820.6217782649107), (110.36586646624018, -135.253404699535)
((1, 3), (3, 3), (16, 6)), (165.0, 820.6217782649107), (111.45709499948897, -149.6811961035483)
((1, 3), (3, 3), (14, 3)), (165.0, 820.6217782649107), (105.79508662695007, -126.17111738136231)
((1, 3), (1, 9), (2, 2)), (199.99999999999997, 640.4), (9.780495557867903, -0.884279453573555)
((1, 3), (1, 9), (4, 1)), (199.99999999999997, 640.4), (31.709412772046296, -7.941365911121714)
((1, 3), (1, 9), (3, 3)), (199.99999999999997, 640.4), (32.308555474526955, -11.990714485229091)
((1, 3), (1, 9), (3, 4)), (199.99999999999997, 640.4), (35.10240187032228, -16.504436961443478)
((1, 3), (1, 9), (5, 3)), (199.99999999999997, 640.4), (52.60321754826642, -30.279078560076773)
((1, 3), (1, 9), (5, 2)), (199.99999999999997, 640.4), (42.38484373987128, -16.419397913455718)
((1, 3), (1, 9), (4, 3)), (199.99999999999997, 640.4), (41.34899351158868, -20.736669370647487)
((1, 3), (1, 9), (3, 5)), (199.99999999999997, 640.4), (46.18785915683401, -46.36138838591511)
((1, 3), (1, 9), (2, 5)), (199.99999999999997, 640.4), (32.196616728747316, -25.32209540234386)
((1, 3), (1, 9), (11, 18)), (199.99999999999997, 640.4), (67.10725121282633, -200.01401726711163)
((1, 3), (1, 9), (10, 17)), (199.99999999999997, 640.4), (73.33965242838363, -189.8284669178228)
((1, 3), (1, 9), (16, 4)), (199.99999999999997, 640.4), (108.10116871259251, -98.78662683945308)
((1, 3), (1, 9), (10, 18)), (199.99999999999997, 640.4), (63.11993419862695, -199.7411509357014)
((1, 3), (1, 9), (14, 3)), (199.99999999999997, 640.4), (102.71227935155878, -88.52015780269977)
((13, 17), (17, 15), (12, 17)), (739.8, 303.57663829261884), (-33.29035321789735, -91.8248087649343)
((13, 17), (17, 15), (11, 18)), (739.8, 303.57663829261884), (-49.22102750825454, -114.03576247556768)
((13, 17), (17, 15), (10, 17)), (783.5766382926189, 259.8), (-59.084539526467616, -81.38708950019212)
((13, 17), (17, 15), (15, 3)), (783.5766382926189, 259.8), (-4.984322010216875, -0.13139477798902988)
((13, 17), (17, 15), (16, 5)), (715.0, 260.6217782649107), (22.2136476132299, -2.832051767663856)
((13, 17), (17, 15), (16, 4)), (715.0, 260.6217782649107), (15.303642735276563, -1.2587383339574103)
((13, 17), (17, 15), (16, 6)), (715.0, 260.6217782649107), (22.588275435737092, -2.9811792492083242)
((13, 17), (17, 15), (16, 15)), (739.8, 303.57663829261884), (33.354250012613264, -72.93028882519522)
((13, 17), (17, 15), (10, 18)), (739.8, 303.57663829261884), (-54.75355871908941, -115.03059101975464)
((13, 17), (17, 15), (14, 3)), (783.5766382926189, 259.8), (-10.443194905194694, -0.5683901730890142)
((13, 17), (17, 13), (15, 16)), (739.8, 303.57663829261884), (9.394005039717468, -84.97377789296516)
((13, 17), (17, 13), (12, 17)), (739.8, 303.57663829261884), (-33.29035321789735, -91.8248087649343)
((13, 17), (17, 13), (11, 18)), (739.8, 303.57663829261884), (-49.22102750825454, -114.03576247556768)
((13, 17), (17, 13), (10, 17)), (783.5766382926189, 259.8), (-59.084539526467616, -81.38708950019212)
((13, 17), (17, 13), (15, 3)), (783.5766382926189, 259.8), (-4.984322010216875, -0.13139477798902988)
((13, 17), (17, 13), (16, 5)), (739.8, 303.57663829261884), (17.721040626469183, -1.9140832296539827)
((13, 17), (17, 13), (16, 4)), (739.8, 303.57663829261884), (10.578488963319352, -0.6337277026356247)
((13, 17), (17, 13), (16, 6)), (739.8, 303.57663829261884), (18.065678838397698, -2.029865147267188)
((13, 17), (17, 13), (16, 15)), (739.8, 303.57663829261884), (33.354250012613264, -72.93028882519522)
((13, 17), (17, 13), (10, 18)), (739.8, 303.57663829261884), (-54.75355871908941, -115.03059101975464)
((13, 17), (17, 13), (14, 3)), (783.5766382926189, 259.8), (-10.443194905194694, -0.5683901730890142)
((13, 17), (13, 11), (3, 4)), (680.0, 319.6), (-75.82238043612325, -32.138954533497724)
((13, 17), (13, 11), (5, 3)), (680.0, 319.6), (-62.57426637080541, -21.37515449657876)
((13, 17), (13, 11), (4, 3)), (680.0, 319.6), (-71.35769732450669, -28.106027860590984)
((13, 17), (13, 11), (3, 5)), (680.0, 319.6), (-75.27360211978676, -34.59281347930843)
((13, 17), (13, 11), (2, 5)), (680.0, 319.6), (-81.98424528663759, -39.957986716460894)
((13, 17), (13, 11), (1, 6)), (680.0, 319.6), (-88.94781067545276, -52.14781918123252)
((13, 17), (13, 11), (15, 15)), (680.0, 319.6), (41.34899351158865, -82.45004218669358)
((13, 17), (13, 11), (15, 16)), (680.0, 319.6), (31.021089220970115, -92.78416181829445)
((13, 17), (13, 11), (12, 17)), (680.0, 319.6), (-10.773341722852972, -97.82334957107688)
((13, 17), (13, 11), (11, 18)), (680.0, 319.6), (-33.46563169700804, -118.00314670954657)
((13, 17), (13, 11), (10, 17)), (680.0, 319.6), (-29.825695591395764, -98.23443368487898)
((13, 17), (13, 11), (15, 3)), (680.0, 319.6), (17.99576885880739, -1.8402599974598104)
((13, 17), (13, 11), (16, 5)), (680.0, 319.6), (32.00858773052664, -6.394339135406213)
((13, 17), (13, 11), (16, 4)), (680.0, 319.6), (24.19693674513301, -3.385412900560297)
((13, 17), (13, 11), (16, 6)), (680.0, 319.6), (32.589943282993005, -6.770193620994419)
((13, 17), (13, 11), (16, 15)), (680.0, 319.6), (47.85052427060381, -84.2958632933666)
((13, 17), (13, 11), (10, 18)), (680.0, 319.6), (-40.351642040147176, -118.42178359937331)
((13, 17), (13, 11), (14, 3)), (680.0, 319.6), (11.867445273564728, -0.7868976526614944)
((13, 17), (15, 17), (15, 15)), (799.6, 200.0), (-8.920715193826615, -1.4063395505707312)
((13, 17), (15, 17), (11, 18)), (739.8, 303.57663829261884), (-49.22102750825454, -114.03576247556768)
((13, 17), (15, 17), (10, 17)), (783.5766382926189, 259.8), (-59.084539526467616, -81.38708950019212)
((13, 17), (15, 17), (15, 3)), (783.5766382926189, 259.8), (-4.984322010216875, -0.13139477798902988)
((13, 17), (15, 17), (16, 5)), (645.0, 260.6217782649107), (36.95187867133887, -7.829854040083092)
((13, 17), (15, 17), (16, 4)), (645.0, 260.6217782649107), (29.69123573618323, -4.736653486319497)
((13, 17), (15, 17), (16, 6)), (645.0, 260.6217782649107), (37.504966980995654, -8.210433855526048)
((13, 17), (15, 17), (16, 15)), (645.0, 260.6217782649107), (57.80730638905518, -65.32118573323993)
((13, 17), (15, 17), (10, 18)), (739.8, 303.57663829261884), (-54.75355871908941, -115.03059101975464)
((13, 17), (15, 17), (14, 3)), (783.5766382926189, 259.8), (-10.443194905194694, -0.5683901730890142)
((13, 17), (9, 17), (3, 5)), (619.3782217350893, 235.00000000000003), (-61.824542465567305, -21.090575446734334)
((13, 17), (9, 17), (1, 6)), (619.3782217350893, 235.00000000000003), (-77.13918936878731, -35.361114553305526)
((13, 17), (9, 17), (15, 15)), (576.4233617073812, 259.80000000000007), (64.7019494338626, -71.08165406534158)
((13, 17), (9, 17), (15, 16)), (576.4233617073812, 259.80000000000007), (59.659725723038505, -76.64221558310645)
((13, 17), (9, 17), (15, 3)), (560.4, 200.00000000000003), (38.25168645997608, -7.262942425690014)
((13, 17), (9, 17), (16, 5)), (576.4233617073812, 259.80000000000007), (50.05796551976, -14.319778731702172)
((13, 17), (9, 17), (16, 4)), (560.4, 200.00000000000003), (43.43470066473592, -9.485581334670243)
((13, 17), (9, 17), (16, 6)), (576.4233617073812, 259.80000000000007), (50.69915375356906, -14.94705323880423)
((13, 17), (9, 17), (16, 15)), (576.4233617073812, 259.80000000000007), (68.71490059199962, -74.69738834333697)
((13, 17), (9, 17), (10, 18)), (619.3782217350893, 235.00000000000003), (-30.4008417838378, -84.76756230323062)
((13, 17), (9, 17), (14, 3)), (560.4, 200.00000000000003), (33.03716182895039, -5.3494541768637305)
((13, 17), (9, 19), (3, 5)), (645.0, 139.3782217350893), (-61.554431179579446, -18.849543360897528)
((13, 17), (9, 19), (1, 6)), (645.0, 139.3782217350893), (-76.20179424416632, -30.748799895123923)
((13, 17), (9, 19), (15, 15)), (560.4, 200.00000000000003), (66.75504280074153, -55.98900736041281)
((13, 17), (9, 19), (15, 16)), (560.4, 200.00000000000003), (63.1119877314532, -59.036744896479576)
((13, 17), (9, 19), (12, 17)), (560.4, 200.00000000000003), (43.112256571265995, -43.11225657126601)
((13, 17), (9, 19), (10, 17)), (576.4233617073811, 140.20000000000005), (13.151021381587125, -2.4988497201570254)
((13, 17), (9, 19), (15, 3)), (560.4, 200.00000000000003), (38.25168645997608, -7.262942425690014)
((13, 17), (9, 19), (16, 5)), (560.4, 200.00000000000003), (50.21055523940537, -13.40334768440664)
((13, 17), (9, 19), (16, 4)), (560.4, 200.00000000000003), (43.43470066473592, -9.485581334670243)
((13, 17), (9, 19), (16, 6)), (560.4, 200.00000000000003), (50.790043796089726, -13.923167913498503)
((13, 17), (9, 19), (16, 15)), (560.4, 200.00000000000003), (70.68642891718781, -60.386226600203656)
((13, 17), (9, 19), (10, 18)), (610.0, 200.0), (-31.12695805270621, -66.90573300262238)
((13, 17), (11, 17), (3, 5)), (715.0, 260.6217782649107), (-77.34943008842001, -33.71692666036442)
((13, 17), (11, 17), (1, 6)), (715.0, 260.6217782649107), (-90.69079813440989, -49.616716148840155)
((13, 17), (11, 17), (15, 15)), (620.2, 303.5766382926189), (55.76935368021724, -80.99758658760808)
((13, 17), (11, 17), (15, 16)), (576.4233617073812, 259.80000000000007), (59.659725723038505, -76.64221558310645)
((13, 17), (11, 17), (12, 17)), (620.2, 303.5766382926189), (14.209252444919098, -91.05519086631395)
((13, 17), (11, 17), (11, 18)), (620.2, 303.5766382926189), (-16.37855601526312, -112.06483770550832)
((13, 17), (11, 17), (15, 3)), (560.4, 200.00000000000003), (38.25168645997608, -7.262942425690014)
((13, 17), (11, 17), (16, 5)), (576.4233617073812, 259.80000000000007), (50.05796551976, -14.319778731702172)
((13, 17), (11, 17), (16, 4)), (560.4, 200.00000000000003), (43.43470066473592, -9.485581334670243)
((13, 17), (11, 17), (16, 6)), (576.4233617073812, 259.80000000000007), (50.69915375356906, -14.94705323880423)
((13, 17), (11, 17), (16, 15)), (620.2, 303.5766382926189), (60.57216826530026, -83.70912387116482)
((13, 17), (11, 17), (10, 18)), (620.2, 303.5766382926189), (-24.981473209393442, -112.17730536373557)
((13, 17), (11, 17), (14, 3)), (560.4, 200.00000000000003), (33.03716182895039, -5.3494541768637305)
((17, 5), (13, 1), (2, 2)), (780.2, 783.5766382926189), (-105.2164158953028, -104.63069824635649)
((17, 5), (13, 1), (4, 1)), (780.2, 783.5766382926189), (-96.974963425794, -86.10599716778574)
((17, 5), (13, 1), (3, 3)), (780.2, 783.5766382926189), (-99.76928938547998, -110.29280569359739)
((17, 5), (13, 1), (3, 4)), (780.2, 783.5766382926189), (-99.4374213885366, -115.8953305470293)
((17, 5), (13, 1), (5, 2)), (780.2, 783.5766382926189), (-94.5363404692127, -93.8848933569989)
((17, 5), (13, 1), (4, 3)), (780.2, 783.5766382926189), (-96.88367003587585, -110.7605841926077)
((17, 5), (13, 1), (3, 5)), (780.2, 783.5766382926189), (-95.20097203293503, -128.34597941119367)
((17, 5), (13, 1), (2, 5)), (780.2, 783.5766382926189), (-101.14054729562102, -129.187354823403)
((17, 5), (13, 1), (15, 15)), (780.2, 783.5766382926189), (1.2403656090986164, -208.53328539549923)
((17, 5), (13, 1), (15, 16)), (780.2, 783.5766382926189), (-3.781813558288971, -213.58714586927778)
((17, 5), (13, 1), (12, 17)), (780.2, 783.5766382926189), (-23.21666776253928, -216.08413501236532)
((17, 5), (13, 1), (10, 17)), (780.2, 783.5766382926189), (-32.60864539004094, -216.12574299460368)
((17, 5), (13, 1), (16, 5)), (780.2, 783.5766382926189), (12.206884228182389, -107.18238567548553)
((17, 5), (13, 1), (16, 4)), (780.2, 783.5766382926189), (3.0404081651492065, -84.96750104130285)
((17, 5), (13, 1), (16, 6)), (780.2, 783.5766382926189), (11.70087872734775, -112.0459316773071)
((17, 5), (13, 1), (15, 13)), (780.2, 783.5766382926189), (1.3431161678665013, -192.57759773960893)
((17, 5), (13, 1), (16, 15)), (780.2, 783.5766382926189), (6.349610507841709, -208.5333748905173)
((17, 5), (13, 1), (14, 3)), (780.2, 783.5766382926189), (-23.58356644137526, -71.73730696427522)
((17, 5), (15, 3), (2, 2)), (875.0, 740.6217782649107), (-113.72813457722565, -105.93757341512223)
((17, 5), (15, 3), (4, 1)), (875.0, 740.6217782649107), (-105.81484236417593, -88.91766117318228)
((17, 5), (15, 3), (3, 3)), (875.0, 740.6217782649107), (-109.08302940112067, -110.42742422618528)
((17, 5), (15, 3), (3, 4)), (875.0, 740.6217782649107), (-108.99848575579406, -115.3960903745875)
((17, 5), (15, 3), (5, 2)), (875.0, 740.6217782649107), (-103.89611780334664, -95.43903140738308)
((17, 5), (15, 3), (4, 3)), (840.0, 799.6), (-102.71227935155875, -119.17977318914006)
((17, 5), (15, 3), (3, 5)), (840.0, 799.6), (-101.08867740609823, -135.76870365927044)
((17, 5), (15, 3), (2, 5)), (840.0, 799.6), (-106.69971618420125, -136.56810748137076)
((17, 5), (15, 3), (15, 15)), (780.2, 783.5766382926189), (1.2403656090986164, -208.53328539549923)
((17, 5), (15, 3), (15, 16)), (840.0, 799.6), (-14.708022607322752, -216.56946018681583)
((17, 5), (15, 3), (12, 17)), (840.0, 799.6), (-33.31250472444754, -219.0745519875299)
((17, 5), (15, 3), (11, 18)), (840.0, 799.6), (-44.90555528955394, -228.7190370685285)
((17, 5), (15, 3), (10, 17)), (840.0, 799.6), (-42.23387638453426, -219.1671412783801)
((17, 5), (15, 3), (15, 3)), (840.0, 799.6), (-32.30855547452695, -87.05425837104664)
((17, 5), (15, 3), (16, 6)), (840.0, 799.6), (-9.015563947560514, -117.62288970536093)
((17, 5), (15, 3), (15, 13)), (780.2, 783.5766382926189), (1.3431161678665013, -192.57759773960893)
((17, 5), (15, 3), (16, 15)), (780.2, 783.5766382926189), (6.349610507841709, -208.5333748905173)
((17, 5), (15, 3), (14, 3)), (720.4, 680.0), (8.920715193826615, -1.4063395505707312)
((17, 5), (17, 7), (4, 1)), (900.6217782649107, 715.0), (-107.81680423199293, -87.48814239159793)
((17, 5), (17, 7), (3, 3)), (900.6217782649107, 715.0), (-111.38681875089462, -108.14501132880302)
((17, 5), (17, 7), (3, 4)), (900.6217782649107, 715.0), (-111.40608945230707, -112.91202546701747)
((17, 5), (17, 7), (5, 2)), (900.6217782649107, 715.0), (-106.09571383921394, -93.53571342186662)
((17, 5), (17, 7), (4, 3)), (900.6217782649107, 715.0), (-108.98936345857605, -108.07573694575616)
((17, 5), (17, 7), (3, 5)), (900.6217782649107, 715.0), (-108.56111542959911, -123.13142523678425)
((17, 5), (17, 7), (2, 5)), (900.6217782649107, 715.0), (-113.52275745752961, -124.85199759087863)
((17, 5), (17, 7), (15, 15)), (900.6217782649107, 715.0), (-23.05824764623234, -194.9549631706129)
((17, 5), (17, 7), (15, 16)), (900.6217782649107, 715.0), (-27.55164603182525, -200.36887458796343)
((17, 5), (17, 7), (12, 17)), (900.6217782649107, 715.0), (-46.26888950843107, -203.25093057877888)
((17, 5), (17, 7), (11, 18)), (900.6217782649107, 715.0), (-57.15419785952024, -213.77595790113395)
((17, 5), (17, 7), (10, 17)), (900.6217782649107, 715.0), (-55.054835758534345, -203.52345225858483)
((17, 5), (17, 7), (15, 3)), (736.4233617073811, 620.2), (11.137464335740471, -1.491191802382339)
((17, 5), (17, 7), (16, 4)), (900.6217782649107, 715.0), (-47.31797747191008, -57.16239842756682)
((17, 5), (17, 7), (15, 13)), (900.6217782649107, 715.0), (-25.134497968843373, -177.79939448115806)
((17, 5), (17, 7), (16, 15)), (900.6217782649107, 715.0), (-17.763110082124943, -194.94260633824092)
((17, 5), (17, 7), (10, 18)), (900.6217782649107, 715.0), (-61.17502428603309, -213.94542514987205)
((17, 5), (17, 7), (14, 3)), (900.6217782649107, 715.0), (-57.829711000004295, -56.12709243587604)
((17, 5), (15, 5), (2, 2)), (875.0, 740.6217782649107), (-113.72813457722565, -105.93757341512223)
((17, 5), (15, 5), (4, 1)), (875.0, 740.6217782649107), (-105.81484236417593, -88.91766117318228)
((17, 5), (15, 5), (3, 3)), (875.0, 740.6217782649107), (-109.08302940112067, -110.42742422618528)
((17, 5), (15, 5), (3, 4)), (875.0, 740.6217782649107), (-108.99848575579406, -115.3960903745875)
((17, 5), (15, 5), (5, 2)), (875.0, 740.6217782649107), (-103.89611780334664, -95.43903140738308)
((17, 5), (15, 5), (4, 3)), (875.0, 740.6217782649107), (-106.57950790940919, -110.5168453992788)
((17, 5), (15, 5), (3, 5)), (875.0, 740.6217782649107), (-105.79508662695004, -126.17111738136231)
((17, 5), (15, 5), (2, 5)), (875.0, 740.6217782649107), (-110.96194968355849, -127.63063050699623)
((17, 5), (15, 5), (15, 15)), (780.2, 783.5766382926189), (1.2403656090986164, -208.53328539549923)
((17, 5), (15, 5), (15, 16)), (780.2, 783.5766382926189), (-3.781813558288971, -213.58714586927778)
((17, 5), (15, 5), (12, 17)), (780.2, 783.5766382926189), (-23.21666776253928, -216.08413501236532)
((17, 5), (15, 5), (11, 18)), (780.2, 783.5766382926189), (-35.750116392412984, -225.79821961683442)
((17, 5), (15, 5), (10, 17)), (780.2, 783.5766382926189), (-32.60864539004094, -216.12574299460368)
((17, 5), (15, 5), (16, 5)), (780.2, 783.5766382926189), (12.206884228182389, -107.18238567548553)
((17, 5), (15, 5), (15, 13)), (780.2, 783.5766382926189), (1.3431161678665013, -192.57759773960893)
((17, 5), (15, 5), (16, 15)), (780.2, 783.5766382926189), (6.349610507841709, -208.5333748905173)
((17, 5), (15, 5), (10, 18)), (780.2, 783.5766382926189), (-40.098587939847384, -225.83951613496345)
((17, 5), (15, 5), (14, 3)), (720.4, 680.0), (8.920715193826615, -1.4063395505707312)
((11, 11), (13, 11), (2, 2)), (719.6, 440.0), (-89.80042034902065, -46.629988667184946)
((11, 11), (13, 11), (4, 1)), (703.5766382926189, 499.8), (-77.63500796204964, -35.70763518349497)
((11, 11), (13, 11), (3, 3)), (719.6, 440.0), (-85.51805653030308, -45.74478347377381)
((11, 11), (13, 11), (3, 4)), (659.8, 543.5766382926189), (-83.54462268053943, -55.04655043635365)
((11, 11), (13, 11), (5, 3)), (719.6, 440.0), (-74.6526333835013, -35.44380160625879)
((11, 11), (13, 11), (5, 2)), (703.5766382926189, 499.8), (-76.5079598856529, -37.50675224489271)
((11, 11), (13, 11), (4, 3)), (719.6, 440.0), (-82.67660525554739, -43.830231239645975)
((11, 11), (13, 11), (3, 5)), (703.5766382926189, 499.8), (-86.51571889974973, -61.19458158741677)
((11, 11), (13, 11), (2, 5)), (703.5766382926189, 499.8), (-92.31987175046964, -66.0586948972691)
((11, 11), (13, 11), (1, 6)), (703.5766382926189, 499.8), (-97.09172418283515, -83.26877222488515)
((11, 11), (13, 11), (15, 15)), (565.0, 500.6217782649107), (53.593660793792615, -145.73329460426692)
((11, 11), (13, 11), (15, 16)), (565.0, 500.6217782649107), (46.8003514059913, -152.28245211602857)
((11, 11), (13, 11), (11, 18)), (659.8, 543.5766382926189), (-19.185958922281962, -178.2051190219521)
((11, 11), (13, 11), (10, 17)), (659.8, 543.5766382926189), (-14.320694732700515, -165.79403233828387)
((11, 11), (13, 11), (15, 3)), (565.0, 500.6217782649107), (51.77597634195786, -20.61591796394368)
((11, 11), (13, 11), (16, 5)), (565.0, 500.6217782649107), (65.8113068303026, -38.53139049029381)
((11, 11), (13, 11), (16, 4)), (565.0, 500.6217782649107), (57.84230456939125, -26.358492370971682)
((11, 11), (13, 11), (16, 6)), (565.0, 500.6217782649107), (66.54954702335048, -40.85300323780655)
((11, 11), (13, 11), (15, 13)), (600.0, 510.0), (51.150769565764904, -125.05102201374554)
((11, 11), (13, 11), (16, 15)), (565.0, 500.6217782649107), (58.53350081037846, -146.28164673795956)
((11, 11), (13, 11), (10, 18)), (659.8, 543.5766382926189), (-24.904540811504283, -178.22712575484474)
((11, 11), (13, 11), (14, 3)), (565.0, 500.6217782649107), (45.27124187515261, -15.367407452113476)
((11, 11), (11, 17), (4, 1)), (600.0, 320.4), (-53.70382169777166, -14.112142404070724)
((11, 11), (11, 17), (3, 3)), (600.0, 320.4), (-62.61213993716015, -21.420850081619577)
((11, 11), (11, 17), (3, 4)), (600.0, 320.4), (-63.89788461195076, -23.02973872924585)
((11, 11), (11, 17), (5, 3)), (600.0, 320.4), (-49.112075064864946, -13.235584606543142)
((11, 11), (11, 17), (5, 2)), (600.0, 320.4), (-51.456632553847896, -13.675228378569372)
((11, 11), (11, 17), (4, 3)), (600.0, 320.4), (-58.92020566448156, -19.304301653078625)
((11, 11), (11, 17), (3, 5)), (600.0, 320.4), (-62.983687674735314, -24.52222035859799)
((11, 11), (11, 17), (2, 5)), (600.0, 320.4), (-70.71532927703788, -30.131776832928736)
((11, 11), (11, 17), (1, 6)), (600.0, 320.4), (-78.62290634201705, -41.70106359049817)
((11, 11), (11, 17), (15, 15)), (600.0, 320.4), (58.55603198340025, -88.97751649423813)
((11, 11), (11, 17), (15, 16)), (600.0, 320.4), (51.570227096370694, -96.56038408910179)
((11, 11), (11, 17), (12, 17)), (600.0, 320.4), (20.784887004928823, -98.24122162455073)
((11, 11), (11, 17), (11, 18)), (600.0, 320.4), (-8.995262703417989, -117.89460427539163)
((11, 11), (11, 17), (10, 17)), (600.0, 320.4), (0.0, -98.14275317108238)
((11, 11), (11, 17), (15, 3)), (600.0, 320.4), (34.99438937450971, -6.9609417579258235)
((11, 11), (11, 17), (16, 5)), (600.0, 320.4), (48.6700147943771, -14.751435847312365)
((11, 11), (11, 17), (16, 4)), (600.0, 320.4), (40.87822868808588, -9.659296949194726)
((11, 11), (11, 17), (16, 6)), (600.0, 320.4), (49.38304281286371, -15.503897460179132)
((11, 11), (11, 17), (16, 15)), (600.0, 320.4), (63.1865329516533, -91.33836176216629)
((11, 11), (11, 17), (10, 18)), (600.0, 320.4), (-17.692699113491553, -117.9224886231114)
((11, 11), (11, 17), (14, 3)), (600.0, 320.4), (29.05225696856118, -4.719009019436768)
((17, 15), (17, 13), (15, 16)), (899.8, 383.57663829261884), (-42.1237187710013, -117.67262351788192)
((17, 15), (17, 13), (12, 17)), (840.0, 399.6), (-50.4979791669777, -127.92711889638517)
((17, 15), (17, 13), (11, 18)), (840.0, 399.6), (-62.205793935825625, -144.73911804180455)
((17, 15), (17, 13), (10, 17)), (840.0, 399.6), (-60.749364962531644, -129.53639348724585)
((17, 15), (17, 13), (15, 3)), (943.5766382926189, 339.8), (-40.53375552058757, -9.575407126785791)
((17, 15), (17, 13), (16, 5)), (943.5766382926189, 339.8), (-32.198816566134205, -6.683838202149147)
((17, 15), (17, 13), (16, 4)), (943.5766382926189, 339.8), (-35.68024966833688, -7.562353088316712)
((17, 15), (17, 13), (16, 6)), (943.5766382926189, 339.8), (-32.815681592162655, -7.100701717224979)
((17, 15), (17, 13), (10, 18)), (840.0, 399.6), (-66.65601267350591, -145.48972735589072)
((17, 15), (17, 13), (14, 3)), (943.5766382926189, 339.8), (-45.108975799675555, -11.641514608023797)
((17, 15), (13, 11), (5, 3)), (780.2, 383.5766382926189), (-80.36933437209576, -37.67121422045753)
((17, 15), (13, 11), (3, 5)), (780.2, 383.5766382926189), (-91.2580136821937, -54.36182397203804)
((17, 15), (13, 11), (1, 6)), (780.2, 383.5766382926189), (-102.33476484112228, -73.09952875993972)
((17, 15), (13, 11), (15, 15)), (780.2, 383.5766382926189), (2.4123124317755336, -107.17338294386617)
((17, 15), (13, 11), (15, 16)), (780.2, 383.5766382926189), (-6.899433465201279, -116.70317378660198)
((17, 15), (13, 11), (12, 17)), (780.2, 383.5766382926189), (-37.98087189194002, -121.76405058158764)
((17, 15), (13, 11), (11, 18)), (780.2, 383.5766382926189), (-52.16561359703374, -139.05314571353247)
((17, 15), (13, 11), (10, 17)), (780.2, 383.5766382926189), (-50.245888073884124, -122.91467209135135)
((17, 15), (13, 11), (15, 3)), (736.4233617073812, 339.80000000000007), (5.499146237158651, -0.17651888962208773)
((17, 15), (13, 11), (16, 5)), (736.4233617073812, 339.80000000000007), (19.53844767057006, -2.46305964186179)
((17, 15), (13, 11), (16, 4)), (736.4233617073812, 339.80000000000007), (11.890687318375946, -0.8407140660925165)
((17, 15), (13, 11), (16, 6)), (736.4233617073812, 339.80000000000007), (19.95818816629629, -2.62900734846383)
((17, 15), (13, 11), (16, 15)), (780.2, 383.5766382926189), (12.206884228182389, -107.18238567548553)
((17, 15), (13, 11), (10, 18)), (780.2, 383.5766382926189), (-57.261422883019364, -139.65678323491363)
((17, 15), (13, 11), (14, 3)), (780.2, 383.5766382926189), (-11.37232074549563, -0.7883246733576073)
((17, 15), (15, 17), (15, 15)), (779.3782217350893, 315.0), (3.754902855086134, -77.45988078680313)
((17, 15), (15, 17), (12, 17)), (840.0, 300.4), (-57.340398209284466, -95.94919888335221)
((17, 15), (15, 17), (11, 18)), (840.0, 300.4), (-67.97427732634746, -117.64822325184464)
((17, 15), (15, 17), (10, 17)), (840.0, 300.4), (-66.54430527346655, -99.9700943414897)
((17, 15), (15, 17), (15, 3)), (736.4233617073811, 220.20000000000005), (4.7776640629472205, -0.11570699296866849)
((17, 15), (15, 17), (16, 5)), (720.4, 280.0), (21.554142420160662, -2.7372141018010865)
((17, 15), (15, 17), (16, 4)), (720.4, 280.0), (14.484531967592808, -1.1537321194754782)
((17, 15), (15, 17), (16, 6)), (720.4, 280.0), (21.937918754905972, -2.88951163933757)
((17, 15), (15, 17), (10, 18)), (840.0, 300.4), (-72.08520805781946, -119.1643688158907)
((17, 15), (15, 17), (14, 3)), (857.6669182372026, 269.8), (-25.728838667679373, -3.4875408910272228)
((17, 13), (13, 11), (3, 4)), (805.0, 420.6217782649107), (-96.02216304321618, -57.03232846650513)
((17, 13), (13, 11), (5, 3)), (805.0, 420.6217782649107), (-85.33368595273328, -44.33053473023617)
((17, 13), (13, 11), (5, 2)), (805.0, 420.6217782649107), (-86.32726832303638, -42.27835027248982)
((17, 13), (13, 11), (4, 3)), (805.0, 420.6217782649107), (-92.43096948100282, -52.29948301159007)
((17, 13), (13, 11), (3, 5)), (805.0, 420.6217782649107), (-95.50856986503622, -62.308486444985235)
((17, 13), (13, 11), (2, 5)), (805.0, 420.6217782649107), (-100.82593170507653, -66.89775100146545)
((17, 13), (13, 11), (1, 6)), (805.0, 420.6217782649107), (-105.75139201514486, -81.451885315818)
((17, 13), (13, 11), (15, 15)), (780.2, 463.5766382926189), (1.9337105624361601, -133.7390438321073)
((17, 13), (13, 11), (15, 16)), (780.2, 463.5766382926189), (-5.701379741717918, -141.49034304985145)
((17, 13), (13, 11), (12, 17)), (780.2, 463.5766382926189), (-33.17301471848741, -145.40772340632682)
((17, 13), (13, 11), (11, 18)), (780.2, 463.5766382926189), (-47.55544387666219, -159.8529002638851)
((17, 13), (13, 11), (10, 17)), (780.2, 463.5766382926189), (-45.100217696497666, -145.8785349439574)
((17, 13), (13, 11), (15, 3)), (736.4233617073812, 419.80000000000007), (6.214782336542634, -0.2549565615274787)
((17, 13), (13, 11), (16, 5)), (720.4, 360.0), (24.196972318323013, -3.91065805166447)
((17, 13), (13, 11), (16, 4)), (720.4, 360.0), (16.075422194516822, -1.5824136480259767)
((17, 13), (13, 11), (16, 6)), (720.4, 360.0), (24.73186969998872, -4.186067709093265)
((17, 13), (13, 11), (16, 15)), (780.2, 463.5766382926189), (9.85617032652684, -133.741013387608)
((17, 13), (13, 11), (10, 18)), (780.2, 463.5766382926189), (-52.63833509482061, -160.16267794957201)
((17, 13), (13, 11), (14, 3)), (805.0, 420.6217782649107), (-18.26720107245569, -2.155990200850681)
((17, 13), (15, 17), (15, 15)), (779.3782217350893, 325.0), (3.5289463047016176, -82.46225080051885)
((17, 13), (15, 17), (15, 16)), (779.3782217350893, 325.0), (-8.140399715763666, -94.51891270107139)
((17, 13), (15, 17), (12, 17)), (779.3782217350893, 325.0), (-42.30777270364369, -101.54179233913726)
((17, 13), (15, 17), (11, 18)), (779.3782217350893, 325.0), (-55.82029052485706, -122.13723282081762)
((17, 13), (15, 17), (10, 17)), (840.0, 290.0), (-67.04013762166225, -96.73894997388396)
((17, 13), (15, 17), (15, 3)), (736.4233617073811, 300.20000000000005), (5.225402314687199, -0.15141951543326115)
((17, 13), (15, 17), (16, 5)), (736.4233617073811, 300.20000000000005), (18.42729531241901, -2.0593617234694364)
((17, 13), (15, 17), (16, 4)), (736.4233617073811, 300.20000000000005), (11.286628042594737, -0.7183067299923067)
((17, 13), (15, 17), (16, 6)), (736.4233617073811, 300.20000000000005), (18.78078485754405, -2.182345287124207)
((17, 13), (15, 17), (15, 13)), (780.1999999999999, 256.42336170738116), (3.617671914905294, -0.1835114409161207)
((17, 13), (15, 17), (10, 18)), (779.3782217350893, 325.0), (-60.780192442474714, -123.15235132357316)
((17, 13), (15, 17), (14, 3)), (840.0, 290.0), (-22.663445628640517, -2.769008321579875)
((17, 13), (17, 7), (5, 3)), (840.0, 479.6), (-92.12585022084257, -55.50653176273665)
((17, 13), (17, 7), (3, 5)), (840.0, 479.6), (-101.06781264040546, -75.14355575349305)
((17, 13), (17, 7), (15, 15)), (840.0, 479.6), (-15.223684317203084, -138.45866462875054)
((17, 13), (17, 7), (15, 16)), (840.0, 479.6), (-21.456703894895785, -145.98383197208682)
((17, 13), (17, 7), (12, 17)), (840.0, 479.6), (-45.52944577438598, -150.1948216593618)
((17, 13), (17, 7), (11, 18)), (840.0, 479.6), (-57.742064109666934, -164.45575197836047)
((17, 13), (17, 7), (10, 17)), (840.0, 479.6), (-55.9139738593276, -150.98594050895906)
((17, 13), (17, 7), (15, 3)), (840.0, 479.6), (-23.058139166561837, -3.9431295213341)
((17, 13), (17, 7), (16, 5)), (840.0, 479.6), (-9.352363118380353, -0.7721211650158182)
((17, 13), (17, 7), (16, 4)), (840.0, 479.6), (-16.070124711707813, -1.9747305901308039)
((17, 13), (17, 7), (16, 6)), (840.0, 479.6), (-9.754709048797858, -0.8772276665844956)
((17, 13), (17, 7), (15, 13)), (840.0, 479.6), (-18.386684847799323, -113.03514997944876)
((17, 13), (17, 7), (10, 18)), (840.0, 479.6), (-62.276045174452946, -164.88753779754433)
((17, 13), (17, 7), (14, 3)), (840.0, 479.6), (-29.414696735161876, -6.232730512078518)
((3, 7), (5, 5), (2, 2)), (383.5766382926189, 659.8), (-49.3997280146448, -23.585414114296555)
((3, 7), (5, 5), (4, 1)), (399.6, 600.0), (-25.906694116592487, -4.8407040001696515)
((3, 7), (5, 5), (3, 3)), (399.6, 600.0), (-39.965111544087385, -15.298010302647043)
((3, 7), (5, 5), (3, 4)), (339.8, 703.5766382926189), (-34.56018646963835, -32.82047608641326)
((3, 7), (5, 5), (5, 3)), (399.6, 600.0), (-15.016293117279915, -2.182800969734963)
((3, 7), (5, 5), (5, 2)), (399.6, 600.0), (-21.056671837529596, -3.626685577158007)
((3, 7), (5, 5), (4, 3)), (383.5766382926189, 659.8), (-34.803253552708036, -16.955333650602814)
((3, 7), (5, 5), (2, 5)), (280.0, 719.6), (-14.110437612991234, -72.86151704590762)
((3, 7), (5, 5), (1, 6)), (339.8, 703.5766382926189), (-38.520182841529476, -103.08563812355627)
((3, 7), (5, 5), (15, 15)), (280.0, 719.6), (85.78589981884697, -199.32665701191343)
((3, 7), (5, 5), (12, 17)), (280.0, 719.6), (66.00622581527034, -204.9871645442741)
((3, 7), (5, 5), (11, 18)), (280.0, 719.6), (51.706894542912444, -214.45301294008237)
((3, 7), (5, 5), (10, 17)), (280.0, 719.6), (57.93182049735213, -204.54148507610336)
((3, 7), (5, 5), (16, 5)), (280.0, 719.6), (102.71227935155878, -119.17977318914006)
((3, 7), (5, 5), (16, 4)), (245.0, 660.6217782649107), (103.98861722139338, -97.89813777415532)
((3, 7), (5, 5), (16, 6)), (245.0, 660.6217782649107), (106.51964284311116, -113.07360589825373)
((3, 7), (5, 5), (10, 18)), (280.0, 719.6), (47.43966123091926, -214.34762435832346)
((3, 7), (5, 5), (14, 3)), (245.0, 660.6217782649107), (98.46449819144007, -87.21707113752122)
((3, 7), (3, 3), (2, 2)), (339.8, 703.5766382926189), (-42.70433064726283, -21.620564789576463)
((3, 7), (3, 3), (4, 1)), (220.20000000000005, 703.5766382926189), (30.42665958419218, -8.830256224091876)
((3, 7), (3, 3), (3, 3)), (339.8, 703.5766382926189), (-32.72245925388844, -20.267006737155327)
((3, 7), (3, 3), (3, 4)), (339.8, 703.5766382926189), (-34.56018646963835, -32.82047608641326)
((3, 7), (3, 3), (5, 3)), (220.20000000000005, 703.5766382926189), (52.29470651790036, -42.335187152804906)
((3, 7), (3, 3), (5, 2)), (220.20000000000005, 703.5766382926189), (42.70433064726281, -21.62056478957645)
((3, 7), (3, 3), (4, 3)), (220.20000000000005, 703.5766382926189), (41.21842383636369, -34.126376749612504)
((3, 7), (3, 3), (1, 6)), (339.8, 703.5766382926189), (-38.520182841529476, -103.08563812355627)
((3, 7), (3, 3), (11, 18)), (280.0, 719.6), (51.706894542912444, -214.45301294008237)
((3, 7), (3, 3), (10, 17)), (220.20000000000005, 703.5766382926189), (67.63064618493749, -201.98738734838716)
((3, 7), (3, 3), (16, 5)), (220.20000000000005, 703.5766382926189), (108.60525738724954, -120.868525476677)
((3, 7), (3, 3), (16, 4)), (220.20000000000005, 703.5766382926189), (106.43064178534068, -108.3726054160368)
((3, 7), (3, 3), (16, 6)), (220.20000000000005, 703.5766382926189), (108.46280390032992, -123.4349021037703)
((3, 7), (3, 3), (10, 18)), (280.0, 719.6), (47.43966123091926, -214.34762435832346)
((3, 7), (3, 3), (14, 3)), (220.20000000000005, 703.5766382926189), (101.27889333599744, -98.08921893571467)
((3, 7), (1, 9), (2, 2)), (160.4, 600.0), (21.056671837529578, -3.6266855771579927)
((3, 7), (1, 9), (4, 1)), (160.4, 600.0), (39.017722993326295, -10.952687971890768)
((3, 7), (1, 9), (3, 3)), (160.4, 600.0), (39.965111544087385, -15.298010302647022)
((3, 7), (1, 9), (3, 4)), (160.4, 600.0), (42.25121770868615, -18.931507473584226)
((3, 7), (1, 9), (5, 3)), (160.4, 600.0), (57.61507177101451, -30.800403730174253)
((3, 7), (1, 9), (5, 2)), (160.4, 600.0), (48.4822901592418, -19.00629990319046)
((3, 7), (1, 9), (4, 3)), (160.4, 600.0), (47.55629280106585, -22.496963405290437)
((3, 7), (1, 9), (3, 5)), (160.4, 600.0), (53.119872513176006, -40.543556634155124)
((3, 7), (1, 9), (2, 5)), (160.4, 600.0), (40.15051506840289, -23.250571316891232)
((3, 7), (1, 9), (12, 17)), (219.3782217350893, 635.0), (78.29219641167414, -189.33597605346176)
((3, 7), (1, 9), (11, 18)), (219.3782217350893, 635.0), (64.45570185446962, -198.75510948408973)
((3, 7), (1, 9), (10, 17)), (219.3782217350893, 635.0), (70.80112898436954, -188.43482272749873)
((3, 7), (1, 9), (16, 5)), (219.3782217350893, 635.0), (108.98936345857605, -108.07573694575616)
((3, 7), (1, 9), (16, 4)), (219.3782217350893, 635.0), (106.23679788487968, -95.87282299372315)
((3, 7), (1, 9), (16, 6)), (219.3782217350893, 635.0), (108.98593128383092, -110.52575644566966)
((3, 7), (1, 9), (10, 18)), (219.3782217350893, 635.0), (60.367927674743136, -198.50368184049694)
((3, 7), (1, 9), (14, 3)), (219.3782217350893, 635.0), (100.70424684578917, -85.41730166524745)
((13, 11), (17, 7), (4, 1)), (739.8, 543.5766382926189), (-84.55076051782514, -44.59123385931327)
((13, 11), (17, 7), (3, 3)), (739.8, 543.5766382926189), (-92.19845964245867, -61.691612792539644)
((13, 11), (17, 7), (3, 4)), (783.5766382926189, 499.8), (-96.5199656590451, -64.69672565867933)
((13, 11), (17, 7), (5, 3)), (739.8, 543.5766382926189), (-82.43236133203239, -50.96319865907859)
((13, 11), (17, 7), (5, 2)), (739.8, 543.5766382926189), (-83.52736577058053, -47.371305336695855)
((13, 11), (17, 7), (4, 3)), (739.8, 543.5766382926189), (-89.56940158014054, -60.23127199048464)
((13, 11), (17, 7), (3, 5)), (783.5766382926189, 499.8), (-95.66070632613713, -71.58671067227199)
((13, 11), (17, 7), (2, 5)), (783.5766382926189, 499.8), (-100.92789822059869, -75.84974770960794)
((13, 11), (17, 7), (1, 6)), (783.5766382926189, 499.8), (-105.08262835327498, -92.1197683650393)
((13, 11), (17, 7), (15, 15)), (739.8, 543.5766382926189), (11.95879813800713, -155.84278356334573)
((13, 11), (17, 7), (15, 16)), (739.8, 543.5766382926189), (4.966425172565881, -162.5407254335865)
((13, 11), (17, 7), (12, 17)), (739.8, 543.5766382926189), (-20.543965599536698, -165.80895711558568)
((13, 11), (17, 7), (11, 18)), (739.8, 543.5766382926189), (-35.88421933521559, -178.33937184395444)
((13, 11), (17, 7), (10, 17)), (739.8, 543.5766382926189), (-32.462075463347134, -165.91103880669277)
((13, 11), (17, 7), (15, 3)), (783.5766382926189, 499.8), (-7.30719026102355, -0.4150575504859546)
((13, 11), (17, 7), (16, 5)), (739.8, 543.5766382926189), (29.863164791667412, -10.087642455894553)
((13, 11), (17, 7), (16, 4)), (739.8, 543.5766382926189), (16.731750808366577, -2.5569732679542625)
((13, 11), (17, 7), (16, 6)), (739.8, 543.5766382926189), (31.21943232415826, -11.830573776238907)
((13, 11), (17, 7), (15, 13)), (739.8, 543.5766382926189), (13.867456363032508, -133.74676984854278)
((13, 11), (17, 7), (16, 15)), (739.8, 543.5766382926189), (18.606929324748325, -155.8559131599714)
((13, 11), (17, 7), (10, 18)), (739.8, 543.5766382926189), (-41.110599754794656, -178.44467198501656)
((13, 11), (17, 7), (14, 3)), (783.5766382926189, 499.8), (-14.951136093518373, -1.6840686132075007)
((15, 17), (9, 17), (3, 5)), (640.4, 200.00000000000003), (-63.510784632601506, -21.361256690036782)
((15, 17), (9, 17), (1, 6)), (640.4, 200.00000000000003), (-78.37933251876822, -34.84625664134798)
((15, 17), (9, 17), (15, 15)), (640.4, 200.00000000000003), (53.11987251317599, -40.54355663415514)
((15, 17), (9, 17), (15, 16)), (640.4, 200.00000000000003), (48.75728430579966, -43.62374145642759)
((15, 17), (9, 17), (11, 18)), (640.4, 200.00000000000003), (-32.40130276341402, -67.16395596204974)
((15, 17), (9, 17), (10, 17)), (640.4, 200.00000000000003), (-28.425340807103787, -28.4253408071038)
((15, 17), (9, 17), (15, 3)), (640.4, 200.00000000000003), (23.442165985961243, -2.7292882828971585)
((15, 17), (9, 17), (16, 5)), (640.4, 200.00000000000003), (35.568982698693226, -6.738939920098048)
((15, 17), (9, 17), (16, 4)), (640.4, 200.00000000000003), (28.8364945192767, -4.184787142474704)
((15, 17), (9, 17), (16, 6)), (640.4, 200.00000000000003), (36.0441808023302, -7.02695325961011)
((15, 17), (9, 17), (16, 15)), (640.4, 200.00000000000003), (58.04911563962283, -46.15479382904706)
((15, 17), (9, 17), (10, 18)), (640.4, 200.00000000000003), (-40.36552102091346, -69.40985549183094)
((15, 17), (9, 17), (14, 3)), (640.4, 200.00000000000003), (18.083030630124984, -1.603180253154946)
((15, 17), (11, 17), (15, 15)), (656.4233617073812, 259.80000000000007), (50.747191098535694, -59.04500066239286)
((15, 17), (11, 17), (15, 16)), (656.4233617073812, 259.80000000000007), (43.47469741153374, -67.1528260219367)
((15, 17), (11, 17), (12, 17)), (640.4, 200.00000000000003), (16.0831174424198, -16.08311744241983)
((15, 17), (11, 17), (11, 18)), (699.3782217350893, 235.00000000000003), (-45.43583885669804, -87.32440806038684)
((15, 17), (11, 17), (10, 17)), (699.3782217350893, 235.00000000000003), (-43.29775619732339, -61.15358953286277)
((15, 17), (11, 17), (15, 3)), (640.4, 200.00000000000003), (23.442165985961243, -2.7292882828971585)
((15, 17), (11, 17), (16, 5)), (640.4, 200.00000000000003), (35.568982698693226, -6.738939920098048)
((15, 17), (11, 17), (16, 4)), (640.4, 200.00000000000003), (28.8364945192767, -4.184787142474704)
((15, 17), (11, 17), (16, 6)), (640.4, 200.00000000000003), (36.0441808023302, -7.02695325961011)
((15, 17), (11, 17), (16, 15)), (656.4233617073812, 259.80000000000007), (55.79882507986357, -63.28240425366351)
((15, 17), (11, 17), (10, 18)), (699.3782217350893, 235.00000000000003), (-51.41791384346592, -89.14193123421545)
((15, 17), (11, 17), (14, 3)), (640.4, 200.00000000000003), (18.083030630124984, -1.603180253154946)
((9, 17), (9, 19), (3, 5)), (580.6217782649107, 235.0), (-55.40643758339838, -16.97947549453528)
((9, 17), (9, 19), (1, 6)), (580.6217782649107, 235.0), (-71.53554207424571, -30.58090388160076)
((9, 17), (9, 19), (15, 15)), (459.3782217350893, 235.00000000000003), (80.90120629574729, -79.67471513872772)
((9, 17), (9, 19), (15, 16)), (459.3782217350893, 235.00000000000003), (77.43952709859168, -83.22168318947259)
((9, 17), (9, 19), (12, 17)), (459.3782217350893, 235.00000000000003), (61.78547648742509, -73.93284326200936)
((9, 17), (9, 19), (10, 17)), (623.5766382926188, 140.19999999999996), (-13.151021381587059, -2.49884972015699)
((9, 17), (9, 19), (16, 5)), (459.3782217350893, 235.00000000000003), (68.25313707426466, -25.622223271167996)
((9, 17), (9, 19), (16, 6)), (459.3782217350893, 235.00000000000003), (68.89441379502209, -26.5182667946208)
((9, 17), (9, 19), (16, 15)), (459.3782217350893, 235.00000000000003), (84.13320410754338, -82.95312512839484)
((9, 17), (11, 17), (3, 5)), (623.5766382926189, 259.8), (-63.70396810731, -23.06830303436483)
((9, 17), (11, 17), (2, 5)), (623.5766382926189, 259.8), (-71.23207843962389, -28.24118494154017)
((9, 17), (11, 17), (1, 6)), (623.5766382926189, 259.8), (-78.92500334040429, -38.23334607874029)
((9, 17), (11, 17), (15, 15)), (485.0, 260.6217782649107), (77.58405510516603, -83.06872584211396)
((9, 17), (11, 17), (15, 16)), (485.0, 260.6217782649107), (73.62366325426053, -87.36441911744154)
((9, 17), (11, 17), (12, 17)), (520.0, 270.0), (48.59075091243721, -80.39027298999733)
((9, 17), (11, 17), (11, 18)), (579.8, 303.57663829261884), (-2.307735057775511, -112.03927877993723)
((9, 17), (11, 17), (15, 3)), (485.0, 260.6217782649107), (53.72544907061081, -15.230661373328402)
((9, 17), (11, 17), (16, 5)), (485.0, 260.6217782649107), (65.55351223008299, -24.427715675322446)
((9, 17), (11, 17), (16, 4)), (485.0, 260.6217782649107), (58.74036276989418, -18.454534762628782)
((9, 17), (11, 17), (16, 6)), (485.0, 260.6217782649107), (66.21702337785683, -25.346312176860252)
((9, 17), (11, 17), (16, 15)), (485.0, 260.6217782649107), (80.9552521357704, -86.19936278265975)
((9, 17), (11, 17), (14, 3)), (485.0, 260.6217782649107), (48.59925471446149, -12.295257087204234)
((9, 19), (11, 17), (3, 5)), (623.5766382926189, 179.79999999999998), (-59.95661751769945, -18.64724426652336)
((9, 19), (11, 17), (1, 6)), (623.5766382926189, 179.79999999999998), (-75.08050112764337, -31.28740723469366)
((9, 19), (11, 17), (15, 15)), (485.0, 180.62177826491072), (76.9398919602589, -63.271814123130554)
((9, 19), (11, 17), (15, 16)), (485.0, 180.62177826491072), (73.90194418952142, -65.6322223205543)
((9, 19), (11, 17), (12, 17)), (520.0, 239.6), (50.55990948579093, -67.75900357280578)
((9, 19), (11, 17), (11, 18)), (520.0, 239.6), (23.041902478280004, -86.44298886357407)
((9, 19), (11, 17), (10, 17)), (623.5766382926189, 179.79999999999998), (-18.922962251971807, -8.705727304574395)
((9, 19), (11, 17), (16, 5)), (485.0, 180.62177826491072), (61.793073161094654, -19.81263683737653)
((9, 19), (11, 17), (16, 4)), (485.0, 180.62177826491072), (55.31330015523877, -15.065353786498804)
((9, 19), (11, 17), (16, 6)), (485.0, 180.62177826491072), (62.392258817987354, -20.487445363582907)
((9, 19), (11, 17), (16, 15)), (485.0, 180.62177826491072), (80.38561421283747, -67.15204768258272)
((7, 1), (13, 1), (2, 2)), (559.6, 840.0), (-81.08539160325621, -95.10843960052182)
((7, 1), (13, 1), (4, 1)), (559.6, 840.0), (-71.12430433168866, -71.12430433168866)
((7, 1), (13, 1), (3, 3)), (559.6, 840.0), (-72.2821385470587, -104.93895698966902)
((7, 1), (13, 1), (3, 4)), (559.6, 840.0), (-71.04548189452768, -112.58972370144514)
((7, 1), (13, 1), (5, 2)), (559.6, 840.0), (-66.3673740543361, -83.82957282524005)
((7, 1), (13, 1), (4, 3)), (559.6, 840.0), (-67.60460837135108, -106.90112458923284)
((7, 1), (13, 1), (3, 5)), (559.6, 840.0), (-62.99245725745909, -130.11544494864472)
((7, 1), (13, 1), (2, 5)), (559.6, 840.0), (-72.3215267636896, -128.7751457153836)
((7, 1), (13, 1), (16, 5)), (559.6, 840.0), (63.13025896953927, -130.14517021021976)
((7, 1), (13, 1), (16, 4)), (559.6, 840.0), (61.76366199865014, -113.42191262154037)
((7, 1), (13, 1), (16, 6)), (559.6, 840.0), (62.3234210253937, -133.8248567381147)
((7, 1), (13, 1), (15, 13)), (559.6, 840.0), (42.630276405155925, -204.15494487787998)
((7, 1), (13, 1), (14, 3)), (559.6, 840.0), (53.469382386905444, -101.91626739464886)
((7, 1), (5, 5), (2, 2)), (440.0, 770.0), (-65.22043496039748, -60.32382266804199)
((7, 1), (5, 5), (4, 1)), (440.0, 770.0), (-48.590750912437194, -29.369984531938254)
((7, 1), (5, 5), (3, 3)), (440.0, 770.0), (-55.849292021389836, -70.09585186424083)
((7, 1), (5, 5), (3, 4)), (379.37822173508926, 805.0), (-37.58760545448589, -90.07058674292539)
((7, 1), (5, 5), (5, 2)), (440.0, 770.0), (-45.91033658486598, -39.29389594900741)
((7, 1), (5, 5), (4, 3)), (379.37822173508926, 805.0), (-30.745885468730542, -83.24041849403561)
((7, 1), (5, 5), (3, 5)), (379.37822173508926, 805.0), (-24.216289984986574, -115.00435516528137)
((7, 1), (5, 5), (2, 5)), (379.37822173508926, 805.0), (-40.14028892858216, -111.10199022604088)
((7, 1), (5, 5), (1, 6)), (379.37822173508926, 805.0), (-40.9994419917268, -136.69147809117717)
((7, 1), (5, 5), (10, 17)), (379.37822173508926, 805.0), (38.88034766454018, -220.10717505376078)
((7, 1), (5, 5), (16, 5)), (379.37822173508926, 805.0), (90.06930455917451, -130.60674742265212)
((7, 1), (5, 5), (16, 4)), (379.37822173508926, 805.0), (88.63327284588087, -116.20485728372425)
((7, 1), (5, 5), (16, 6)), (379.37822173508926, 805.0), (89.597320237054, -133.68778883311472)
((7, 1), (5, 5), (14, 3)), (379.37822173508926, 805.0), (82.9662882657156, -105.24885473637407)
((7, 1), (3, 3), (2, 2)), (370.0, 840.0), (-51.8334123871692, -74.59223300950327)
((7, 1), (3, 3), (4, 1)), (370.0, 840.0), (-35.590260840104364, -35.590260840104364)
((7, 1), (3, 3), (3, 3)), (370.0, 840.0), (-34.07004095356518, -93.21164816451116)
((7, 1), (3, 3), (3, 4)), (370.0, 840.0), (-31.734069058378143, -103.73480965458042)
((7, 1), (3, 3), (5, 3)), (370.0, 840.0), (-4.320664501973236, -92.37626412084933)
((7, 1), (3, 3), (4, 3)), (370.0, 840.0), (-24.31517190508062, -98.16452719001441)
((7, 1), (3, 3), (3, 5)), (370.0, 840.0), (-19.554952295507547, -126.52720641065906)
((7, 1), (3, 3), (2, 5)), (370.0, 840.0), (-35.16623655355735, -122.61750091203164)
((7, 1), (3, 3), (1, 6)), (370.0, 840.0), (-36.84024418669003, -146.35344373548315)
((7, 1), (3, 3), (16, 4)), (320.4, 840.0), (94.31661100507979, -128.54044367672336)
((7, 1), (3, 3), (16, 6)), (370.0, 840.0), (89.38540667199636, -142.2084355244863)
((7, 1), (3, 3), (14, 3)), (320.4, 840.0), (89.05381478934396, -118.61731040612453)
((13, 1), (15, 3), (2, 2)), (740.6217782649107, 875.0), (-100.65071630199326, -119.42528155876386)
((13, 1), (15, 3), (4, 1)), (740.6217782649107, 875.0), (-93.01080842638939, -100.81448266854787)
((13, 1), (15, 3), (3, 3)), (740.6217782649107, 875.0), (-93.83704798834357, -127.03490380317162)
((13, 1), (15, 3), (3, 4)), (740.6217782649107, 875.0), (-93.02010872581664, -133.0310507539968)
((13, 1), (15, 3), (5, 2)), (740.6217782649107, 875.0), (-89.22272311052475, -110.64778081984704)
((13, 1), (15, 3), (4, 3)), (740.6217782649107, 875.0), (-90.40674025018234, -128.29207162694382)
((13, 1), (15, 3), (3, 5)), (740.6217782649107, 875.0), (-87.36074355151499, -146.65637364324527)
((13, 1), (15, 3), (2, 5)), (740.6217782649107, 875.0), (-94.18620865384165, -146.3185601994449)
((13, 1), (15, 3), (15, 15)), (740.6217782649107, 875.0), (8.160939949099314, -225.38874709374937)
((13, 1), (15, 3), (15, 16)), (740.6217782649107, 875.0), (3.368342181677965, -230.0724576414492)
((13, 1), (15, 3), (15, 3)), (740.6217782649107, 875.0), (6.657550502352915, -116.04659644195797)
((13, 1), (15, 3), (16, 5)), (690.2, 857.6669182372026), (34.82169770128361, -132.27766997670045)
((13, 1), (15, 3), (16, 4)), (690.2, 857.6669182372026), (31.25227853031696, -114.97327015126069)
((13, 1), (15, 3), (16, 6)), (690.2, 857.6669182372026), (34.035461727986316, -136.2070176247169)
((13, 1), (15, 3), (15, 13)), (740.6217782649107, 875.0), (8.725798511216892, -210.7133848807821)
((13, 1), (15, 3), (16, 15)), (740.6217782649107, 875.0), (12.862258513699125, -225.38974858351997)
((13, 1), (15, 5), (2, 2)), (740.6217782649107, 805.0), (-101.35368157357695, -105.03353876902283)
((13, 1), (15, 5), (4, 1)), (740.6217782649107, 805.0), (-93.01080842638939, -85.8111875907037)
((13, 1), (15, 5), (3, 3)), (740.6217782649107, 805.0), (-95.40920346246045, -111.4015077270268)
((13, 1), (15, 5), (3, 4)), (740.6217782649107, 805.0), (-94.91800193023349, -117.31983234112607)
((13, 1), (15, 5), (5, 2)), (740.6217782649107, 805.0), (-90.20825354960813, -94.36015361118362)
((13, 1), (15, 5), (4, 3)), (740.6217782649107, 805.0), (-92.28896412156276, -112.11958492973302)
((13, 1), (15, 5), (3, 5)), (740.6217782649107, 805.0), (-90.0693045591745, -130.60674742265212)
((13, 1), (15, 5), (2, 5)), (740.6217782649107, 805.0), (-96.46479608630263, -131.05357926039514)
((13, 1), (15, 5), (15, 15)), (740.6217782649107, 805.0), (8.648752941540794, -212.60320737656195)
((13, 1), (15, 5), (15, 16)), (740.6217782649107, 805.0), (3.5618363704778373, -217.56225944249474)
((13, 1), (15, 5), (12, 17)), (740.6217782649107, 805.0), (-15.789092604316108, -220.00291820802744)
((13, 1), (15, 5), (10, 17)), (740.6217782649107, 805.0), (-25.233481371430187, -220.0190334152736)
((13, 1), (15, 5), (16, 5)), (740.6217782649107, 805.0), (24.216289984986588, -115.00435516528137)
((13, 1), (15, 5), (16, 4)), (740.6217782649107, 805.0), (18.73638291331208, -94.58915023641111)
((13, 1), (15, 5), (16, 6)), (740.6217782649107, 805.0), (23.431762676938977, -119.53144087892902)
((13, 1), (15, 5), (15, 13)), (740.6217782649107, 805.0), (9.329349014334344, -196.97765162878818)
((13, 1), (15, 5), (16, 15)), (740.6217782649107, 805.0), (13.624191846938341, -212.60470890755613)
((15, 3), (17, 7), (2, 2)), (820.6217782649107, 725.0), (-108.6995426353291, -97.9982312848729)
((15, 3), (17, 7), (4, 1)), (820.6217782649107, 725.0), (-100.1551797767883, -80.22154140061929)
((15, 3), (17, 7), (3, 3)), (820.6217782649107, 725.0), (-103.97668616082888, -102.38630493396789)
((15, 3), (17, 7), (3, 4)), (820.6217782649107, 725.0), (-103.95298841890335, -107.5379529854773)
((15, 3), (17, 7), (5, 2)), (820.6217782649107, 725.0), (-98.32931584300697, -86.66992531701781)
((15, 3), (17, 7), (4, 3)), (820.6217782649107, 725.0), (-101.383508731384, -102.3746132878266)
((15, 3), (17, 7), (3, 5)), (820.6217782649107, 725.0), (-100.70424684578917, -118.72706272696165)
((15, 3), (17, 7), (2, 5)), (820.6217782649107, 725.0), (-106.09571383921391, -120.34227444531244)
((15, 3), (17, 7), (15, 15)), (820.6217782649107, 725.0), (-6.886815047499597, -196.9773031977873)
((15, 3), (17, 7), (15, 16)), (820.6217782649107, 725.0), (-11.943637841947, -202.32110729390655)
((15, 3), (17, 7), (12, 17)), (820.6217782649107, 725.0), (-31.871446341862494, -204.9989096737009)
((15, 3), (17, 7), (11, 18)), (820.6217782649107, 725.0), (-44.0959782748966, -215.28642017880247)
((15, 3), (17, 7), (10, 17)), (820.6217782649107, 725.0), (-41.345379883748016, -205.10841278399676)
((15, 3), (17, 7), (15, 3)), (820.6217782649107, 725.0), (-34.066498437460154, -45.89270476750297)
((15, 3), (17, 7), (16, 4)), (820.6217782649107, 725.0), (-22.285465008057187, -51.25638662445853)
((15, 3), (17, 7), (16, 6)), (820.6217782649107, 725.0), (-3.282499367160963, -88.6943145001463)
((15, 3), (17, 7), (15, 13)), (820.6217782649107, 725.0), (-7.5323786254375715, -180.0002759811332)
((15, 3), (17, 7), (16, 15)), (820.6217782649107, 725.0), (-1.4799753726854985, -196.97715634978528)
((15, 3), (17, 7), (10, 18)), (820.6217782649107, 725.0), (-48.431219207589756, -215.372413989971)
((15, 3), (17, 7), (14, 3)), (820.6217782649107, 725.0), (-41.74819588890283, -44.208023946968275)
((15, 3), (15, 5), (2, 2)), (820.6217782649107, 795.0), (-108.98593128383092, -110.52575644566967)
((15, 3), (15, 5), (4, 1)), (820.6217782649107, 795.0), (-101.19252443526965, -92.71961858788826)
((15, 3), (15, 5), (3, 3)), (820.6217782649107, 795.0), (-103.64735306587689, -116.14211545298072)
((15, 3), (15, 5), (3, 4)), (820.6217782649107, 795.0), (-103.30020773138448, -121.54846627534894)
((15, 3), (15, 5), (5, 2)), (820.6217782649107, 795.0), (-98.71344432892201, -100.416019990286)
((15, 3), (15, 5), (4, 3)), (820.6217782649107, 795.0), (-100.85323188585312, -116.63862024877176)
((15, 3), (15, 5), (3, 5)), (820.6217782649107, 795.0), (-99.20331070876624, -133.5345321086586)
((15, 3), (15, 5), (2, 5)), (820.6217782649107, 795.0), (-104.91769130134688, -134.34038577133856)
((15, 3), (15, 5), (15, 15)), (699.3782217350893, 795.0), (16.46919136726344, -210.71700661241297)
((15, 3), (15, 5), (15, 16)), (820.6217782649107, 795.0), (-11.210722838273565, -215.71664927990037)
((15, 3), (15, 5), (12, 17)), (820.6217782649107, 795.0), (-30.09276811010253, -218.2137072602086)
((15, 3), (15, 5), (11, 18)), (820.6217782649107, 795.0), (-41.98290876693361, -227.8738558943017)
((15, 3), (15, 5), (10, 17)), (820.6217782649107, 795.0), (-39.166814325056016, -218.28739621092143)
((15, 3), (15, 5), (15, 3)), (820.6217782649107, 795.0), (-26.19263653956927, -84.45504586723166)
((15, 3), (15, 5), (16, 5)), (699.3782217350893, 795.0), (36.74233782238703, -112.00568602392771)
((15, 3), (15, 5), (16, 6)), (699.3782217350893, 795.0), (35.74405291165481, -116.56247016517648)
((15, 3), (15, 5), (15, 13)), (699.3782217350893, 795.0), (17.763110082124943, -194.94260633824092)
((15, 3), (15, 5), (16, 15)), (699.3782217350893, 795.0), (21.41011049424592, -210.72430333951715)
((15, 3), (15, 5), (10, 18)), (820.6217782649107, 795.0), (-46.180448014240326, -227.93465672141735)
((17, 7), (15, 5), (2, 2)), (875.0, 660.6217782649107), (-112.82000196456215, -92.99858349926384)
((17, 7), (15, 5), (4, 1)), (875.0, 660.6217782649107), (-104.11329882497986, -76.31553823055947)
((17, 7), (15, 5), (3, 3)), (875.0, 660.6217782649107), (-108.68360668887341, -96.21053029983128)
((17, 7), (15, 5), (3, 4)), (875.0, 660.6217782649107), (-108.92440856797433, -100.82081252329883)
((17, 7), (15, 5), (5, 2)), (875.0, 660.6217782649107), (-102.72014093849859, -81.56175135920469)
((17, 7), (15, 5), (4, 3)), (875.0, 660.6217782649107), (-106.32559853844212, -95.795662424209)
((17, 7), (15, 5), (3, 5)), (840.0, 719.6), (-102.71227935155875, -119.17977318914006)
((17, 7), (15, 5), (2, 5)), (875.0, 660.6217782649107), (-111.50102654777115, -112.81593187317876)
((17, 7), (15, 5), (15, 15)), (780.2, 703.5766382926189), (1.3431161678665013, -192.57759773960893)
((17, 7), (15, 5), (15, 16)), (840.0, 719.6), (-15.802926223048427, -201.25325620469036)
((17, 7), (15, 5), (12, 17)), (840.0, 719.6), (-35.52776116736933, -203.97620542298992)
((17, 7), (15, 5), (11, 18)), (840.0, 719.6), (-47.43966123091926, -214.34762435832346)
((17, 7), (15, 5), (10, 17)), (840.0, 719.6), (-44.86374423873371, -204.12063047571561)
((17, 7), (15, 5), (15, 3)), (720.4, 600.0), (16.60262676727166, -2.9824146709855697)
((17, 7), (15, 5), (16, 5)), (840.0, 719.6), (-13.01602833270439, -79.82796537808176)
((17, 7), (15, 5), (16, 4)), (780.2, 703.5766382926189), (8.309139871727378, -28.72700151752356)
((17, 7), (15, 5), (15, 13)), (840.0, 719.6), (-11.87911116089124, -178.79771500417547)
((17, 7), (15, 5), (16, 15)), (780.2, 703.5766382926189), (6.873313104868791, -192.57775376045578)
((17, 7), (15, 5), (10, 18)), (840.0, 719.6), (-51.706894542912444, -214.45301294008237)
((17, 7), (15, 5), (14, 3)), (875.0, 660.6217782649107), (-51.11833222270947, -34.00119410537635)
((5, 5), (3, 3), (2, 2)), (395.0, 740.6217782649107), (-56.985719955609675, -43.49159702648393)
((5, 5), (3, 3), (4, 1)), (240.4, 680.0), (22.51963799895452, -4.478965960320409)
((5, 5), (3, 3), (3, 3)), (240.4, 680.0), (21.72883460781483, -7.184838949639865)
((5, 5), (3, 3), (5, 2)), (300.20000000000005, 783.5766382926189), (25.686641594027098, -23.40255777833187)
((5, 5), (3, 3), (2, 5)), (360.0, 799.6), (-35.45430098372304, -108.78806529627366)
((5, 5), (3, 3), (1, 6)), (360.0, 799.6), (-36.79440459598399, -134.91489243594972)
((5, 5), (3, 3), (10, 17)), (360.0, 799.6), (42.23387638453426, -219.1671412783801)
((5, 5), (3, 3), (16, 5)), (300.20000000000005, 783.5766382926189), (99.41369191123127, -131.04824901312887)
((5, 5), (3, 3), (16, 4)), (300.20000000000005, 783.5766382926189), (97.80657214916927, -117.61912193400953)
((5, 5), (3, 3), (16, 6)), (300.20000000000005, 783.5766382926189), (99.06603799273321, -133.88739421970803)
((5, 5), (3, 3), (10, 18)), (360.0, 799.6), (32.03445648471116, -228.59313161929532)
((5, 5), (3, 3), (14, 3)), (300.20000000000005, 783.5766382926189), (92.57876810447566, -107.15976588620738)
((5, 5), (1, 9), (2, 2)), (300.19999999999993, 576.4233617073812), (-22.034756779443367, -3.7422234440736375)
((5, 5), (1, 9), (3, 3)), (256.4233617073811, 620.2), (9.80812139352399, -1.0111296638731986)
((5, 5), (1, 9), (3, 4)), (256.4233617073811, 620.2), (11.137464335740471, -1.491191802382339)
((5, 5), (1, 9), (5, 3)), (256.4233617073811, 620.2), (37.401060776948924, -14.535065076390481)
((5, 5), (1, 9), (5, 2)), (256.4233617073811, 620.2), (25.399659508754326, -5.583921918184153)
((5, 5), (1, 9), (4, 3)), (256.4233617073811, 620.2), (21.25695337769209, -5.04893246623201)
((5, 5), (1, 9), (3, 5)), (300.19999999999993, 576.4233617073812), (3.6176719149053267, -0.1835114409161278)
((5, 5), (1, 9), (2, 5)), (300.19999999999993, 576.4233617073812), (-22.08523653588153, -6.1989172741920555)
((5, 5), (1, 9), (1, 6)), (256.4233617073811, 620.2), (-17.860493673756984, -61.451446550911605)
((5, 5), (1, 9), (15, 15)), (256.4233617073811, 620.2), (92.83499703666222, -180.7989096687463)
((5, 5), (1, 9), (12, 17)), (256.4233617073811, 620.2), (73.83054599690364, -185.68197726075513)
((5, 5), (1, 9), (11, 18)), (256.4233617073811, 620.2), (59.37338150524372, -195.46844770383143)
((5, 5), (1, 9), (10, 17)), (256.4233617073811, 620.2), (65.95165025425533, -184.8504359301872)
((5, 5), (1, 9), (16, 5)), (256.4233617073811, 620.2), (105.50434370813929, -101.8199734495165)
((5, 5), (1, 9), (16, 4)), (256.4233617073811, 620.2), (102.49592325429256, -89.32956496669563)
((5, 5), (1, 9), (16, 6)), (256.4233617073811, 620.2), (105.53411116351448, -104.3157960589872)
((5, 5), (1, 9), (10, 18)), (256.4233617073811, 620.2), (55.077246140858044, -195.25378451480503)
((5, 5), (1, 9), (14, 3)), (256.4233617073811, 620.2), (96.62283515457983, -78.49612617127865)
