((1, 1), (3, 1), (13, 14)), (157.50000000000003, 973.6121593216773), (70.2841985605666, -204.36459063437363)
((1, 1), (3, 1), (11, 2)), (157.50000000000003, 973.6121593216773), (77.98844911374636, -105.64846092882131)
((1, 1), (1, 3), (4, 17)), (126.38784067832273, 942.5), (28.966866871283166, -203.24544371090207)
((1, 1), (1, 3), (3, 16)), (126.38784067832273, 942.5), (17.30665336037252, -201.14808130728136)
((1, 1), (1, 3), (2, 16)), (126.38784067832273, 942.5), (13.234827501220476, -201.14445471152024)
((1, 1), (1, 3), (7, 15)), (126.38784067832273, 942.5), (40.9655872155629, -199.23841606226324)
((1, 1), (1, 3), (5, 16)), (126.38784067832273, 942.5), (33.09916702792866, -201.21624611287953)
((1, 1), (1, 3), (5, 14)), (126.38784067832273, 942.5), (34.73328202730702, -190.60882824539527)
((1, 1), (1, 3), (3, 13)), (126.38784067832273, 942.5), (18.44614892182612, -188.31250142553114)
((1, 1), (1, 3), (2, 13)), (126.38784067832273, 942.5), (14.118930937445406, -188.30680815305848)
((1, 1), (1, 3), (13, 14)), (126.38784067832273, 942.5), (73.84604108948847, -200.90241715373912)
((1, 1), (1, 3), (11, 2)), (126.38784067832273, 942.5), (81.10145520984295, -102.16094938977274)
((1, 1), (3, 3), (11, 2)), (181.8134665205268, 910.5), (77.13792771269583, -93.49765091181217)
((3, 1), (1, 3), (12, 13)), (226.38784067832273, 942.5), (64.4532703449178, -187.39380650176582)
((3, 1), (1, 3), (4, 17)), (226.38784067832273, 942.5), (17.136121529448847, -203.2086485271215)
((3, 1), (1, 3), (3, 16)), (226.38784067832273, 942.5), (5.003156871631094, -201.14260816736467)
((3, 1), (1, 3), (2, 16)), (226.38784067832273, 942.5), (0.8632390376223428, -201.1425697038259)
((3, 1), (1, 3), (1, 14)), (226.38784067832273, 942.5), (-3.348490825199238, -196.95601008222508)
((3, 1), (1, 3), (7, 15)), (226.38784067832273, 942.5), (29.52043105902391, -199.10840338535212)
((3, 1), (1, 3), (5, 15)), (226.38784067832273, 942.5), (25.565208095740513, -199.08736097358158)
((3, 1), (1, 3), (5, 16)), (226.38784067832273, 942.5), (21.336817445359234, -201.155301999019)
((3, 1), (1, 3), (5, 14)), (226.38784067832273, 942.5), (22.468608591874627, -190.52214544819316)
((3, 1), (1, 3), (3, 13)), (226.38784067832273, 942.5), (5.3432803877372645, -188.3038935390667)
((3, 1), (1, 3), (2, 13)), (226.38784067832273, 942.5), (0.9220903817828496, -188.3038325518665)
((3, 1), (1, 3), (13, 14)), (226.38784067832273, 942.5), (64.83887679562436, -200.1652515609548)
((3, 1), (1, 3), (11, 2)), (226.38784067832273, 942.5), (72.74343877756174, -96.44645270551929)
((3, 1), (7, 3), (11, 2)), (385.0, 900.0), (58.10482901476788, -77.7852824892956)
((3, 1), (3, 3), (11, 2)), (226.38784067832273, 942.5), (72.74343877756174, -96.44645270551929)
((3, 1), (5, 5), (11, 2)), (300.0, 815.0), (67.69997035141284, -67.3929425896984)
((1, 3), (3, 3), (11, 2)), (157.50000000000003, 873.6121593216773), (79.53079780938238, -88.92142030032831)
((1, 3), (5, 5), (11, 2)), (285.0, 800.0), (69.03833041013964, -66.08934957127892)
((1, 3), (3, 7), (11, 2)), (199.99999999999997, 715.0), (75.49598493079466, -60.81946260978289)
((11, 11), (7, 13), (2, 15)), (615.0, 400.0), (-57.6549040415317, -104.9005655054566)
((11, 11), (7, 13), (2, 13)), (615.0, 400.0), (-66.1222161923919, -101.02607599818928)
((11, 11), (7, 13), (13, 14)), (615.0, 400.0), (37.08873750899734, -112.47037974520529)
((11, 11), (7, 13), (4, 7)), (657.5, 326.38784067832273), (-57.753713638549264, -30.322566724444727)
((11, 11), (7, 13), (2, 9)), (615.0, 400.0), (-65.65052688834392, -56.8998871874094)
((11, 11), (7, 13), (5, 3)), (657.5, 326.38784067832273), (-41.486037640304545, -12.023019927730786)
((11, 11), (7, 13), (7, 4)), (657.5, 326.38784067832273), (-26.65708288341849, -4.978606010222705)
((11, 11), (7, 13), (8, 2)), (657.5, 326.38784067832273), (-14.381841117538626, -1.3210125537492559)
((11, 11), (7, 13), (3, 5)), (657.5, 326.38784067832273), (-53.55097804344162, -22.20839879809816)
((11, 11), (7, 13), (11, 2)), (551.0, 400.0), (19.66566766725921, -2.678941434622942)
((11, 11), (13, 13), (4, 7)), (849.0, 400.0), (-78.67209078562995, -59.04833284181656)
((11, 11), (13, 13), (2, 9)), (773.6121593216773, 442.5), (-79.59978191108394, -78.43085453844215)
((11, 11), (13, 13), (5, 3)), (849.0, 400.0), (-67.12977199869762, -33.77021441333828)
((11, 11), (13, 13), (7, 4)), (849.0, 400.0), (-56.167153592674104, -24.024148852743807)
((11, 11), (13, 13), (8, 2)), (849.0, 400.0), (-44.4936886270868, -13.654716622548435)
((11, 11), (13, 13), (3, 5)), (849.0, 400.0), (-76.15865653571846, -47.7144840647563)
((11, 11), (13, 13), (11, 2)), (849.0, 400.0), (-30.227606217079604, -6.324288055209493)
((1, 17), (7, 17), (2, 9)), (349.0, 100.0), (-15.351432086271743, -1.7813095565044392)
((1, 17), (7, 17), (5, 3)), (349.0, 100.0), (7.153313158654436, -0.287549577515108)
((1, 17), (1, 15), (13, 14)), (125.50000000000003, 229.03778516388138), (91.50931195437437, -102.85847635918888)
((1, 17), (1, 15), (5, 3)), (70.96221483611868, 174.50000000000006), (45.681845903181106, -12.44972969047248)
((1, 17), (1, 15), (8, 2)), (70.96221483611868, 174.50000000000006), (61.53251969735031, -20.986600870373053)
((1, 17), (1, 15), (11, 2)), (70.96221483611868, 174.50000000000006), (71.16276027447466, -27.924543956487724)
((1, 17), (5, 15), (13, 14)), (242.5, 173.61215932167727), (83.4416443667207, -87.05050908081277)
((1, 17), (5, 15), (2, 9)), (349.0, 100.0), (-15.351432086271743, -1.7813095565044392)
((1, 17), (5, 15), (5, 3)), (242.5, 173.61215932167727), (23.09277823929059, -3.1871514220280375)
((1, 17), (5, 15), (8, 2)), (242.5, 173.61215932167727), (42.708525616050416, -10.156048665030497)
((1, 17), (5, 15), (11, 2)), (242.5, 173.61215932167727), (54.03161967947342, -16.215060805904244)
((1, 17), (3, 15), (11, 2)), (157.50000000000003, 173.6121593216773), (62.856232947337624, -21.87161682989182)
((7, 17), (7, 13), (2, 13)), (574.5, 229.03778516388135), (-65.30118947710028, -64.48417357229978)
((7, 17), (7, 13), (13, 14)), (425.5, 229.03778516388138), (67.67830629495548, -83.45256346625578)
((7, 17), (7, 13), (4, 7)), (574.5, 229.03778516388135), (-42.55452784505182, -14.205809790444292)
((7, 17), (7, 13), (2, 9)), (574.5, 229.03778516388135), (-55.91043654754072, -28.69045816649829)
((7, 17), (7, 13), (5, 3)), (574.5, 229.03778516388135), (-26.70724382434527, -4.490110379910021)
((7, 17), (7, 13), (7, 4)), (542.5, 173.61215932167727), (-6.342111725728121, -0.2404343191217606)
((7, 17), (7, 13), (8, 2)), (425.5, 229.03778516388138), (20.302235081888256, -2.40440937944787)
((7, 17), (7, 13), (11, 2)), (425.5, 229.03778516388138), (33.831381084848104, -6.672277639516167)
((7, 17), (5, 15), (13, 14)), (425.5, 229.03778516388138), (67.67830629495548, -83.45256346625578)
((7, 17), (5, 15), (2, 9)), (542.5, 173.61215932167727), (-49.35175670034451, -20.41314372117131)
((7, 17), (5, 15), (5, 3)), (351.0, 100.00000000000001), (6.873642537169574, -0.2655047084550404)
((7, 17), (5, 15), (7, 4)), (351.0, 100.00000000000001), (20.652665041518624, -2.396688776445359)
((7, 17), (5, 15), (8, 2)), (351.0, 100.00000000000001), (27.871936111029, -4.1028787663220925)
((7, 17), (5, 15), (11, 2)), (351.0, 100.00000000000001), (39.881655796061274, -8.394139543849022)
((7, 17), (3, 15), (11, 2)), (351.0, 100.00000000000001), (39.881655796061274, -8.394139543849022)
((7, 13), (5, 15), (13, 14)), (426.38784067832273, 342.5), (64.43210700660516, -105.67976291849493)
((7, 13), (5, 15), (4, 7)), (521.0, 300.0), (-37.52732773407804, -12.518002397455163)
((7, 13), (5, 15), (2, 9)), (510.5, 318.1865334794732), (-51.78048364771028, -30.87033950549194)
((7, 13), (5, 15), (5, 3)), (351.0, 300.0), (8.29584393906017, -0.4675444491763159)
((7, 13), (5, 15), (7, 4)), (351.0, 300.0), (24.609195933033853, -4.112721895522853)
((7, 13), (5, 15), (8, 2)), (351.0, 300.0), (32.2250569252279, -6.455756218252347)
((7, 13), (5, 15), (3, 5)), (521.0, 300.0), (-33.29440790036615, -8.362910979213503)
((7, 13), (5, 15), (11, 2)), (351.0, 300.0), (45.35640350027863, -12.759183095970513)
((7, 13), (13, 13), (8, 2)), (649.0, 300.0), (-12.726318676556364, -1.0076433191266148)
((7, 13), (13, 13), (11, 2)), (649.0, 300.0), (2.747119360731272, -0.04695315900870867)
((7, 13), (3, 9), (5, 3)), (370.9622148361187, 374.50000000000006), (5.410824262426714, -0.218572181791572)
((7, 13), (3, 9), (7, 4)), (370.9622148361187, 374.50000000000006), (23.362631651742646, -4.072972211659362)
((7, 13), (3, 9), (8, 2)), (370.9622148361187, 374.50000000000006), (31.46583065438107, -6.652213717190563)
((7, 13), (3, 9), (3, 5)), (425.5, 429.0377851638814), (-21.059800169451346, -4.21614350061634)
((7, 13), (3, 15), (11, 2)), (351.0, 300.0), (45.35640350027863, -12.759183095970513)
((1, 15), (5, 15), (13, 14)), (273.61215932167727, 242.5), (80.50186534650553, -95.88161461850078)
((1, 15), (5, 15), (2, 9)), (349.0, 200.0), (-17.942404805702658, -2.878474634601332)
((1, 15), (5, 15), (5, 3)), (273.61215932167727, 242.5), (19.84828437602786, -2.514420955529417)
((1, 15), (5, 15), (7, 4)), (273.61215932167727, 242.5), (34.42703639510322, -7.5568804887894885)
((1, 15), (5, 15), (8, 2)), (273.61215932167727, 242.5), (40.80825582208105, -9.812169713876969)
((1, 15), (5, 15), (11, 2)), (273.61215932167727, 242.5), (52.681816185731755, -16.304815837364984)
((1, 15), (3, 15), (11, 2)), (157.50000000000003, 273.61215932167727), (65.979101044224, -26.093253175096862)
((1, 15), (1, 11), (11, 2)), (125.50000000000003, 329.0377851638814), (70.89006524911773, -31.546684000571567)
((5, 15), (3, 15), (11, 2)), (270.9622148361187, 274.50000000000006), (54.00025459750844, -17.61043483867185)
((3, 9), (5, 5), (11, 2)), (300.0, 585.0), (62.24740076434259, -34.30187958189048)
((3, 9), (3, 15), (11, 2)), (300.0, 351.0), (53.24882445101863, -18.447880597990988)
((3, 9), (1, 11), (11, 2)), (151.0, 500.0), (74.1135264681932, -41.45991967449193)
((3, 9), (3, 7), (11, 2)), (170.96221483611868, 574.5), (74.61535704757425, -46.59143616116505)
((7, 3), (3, 3), (11, 2)), (370.9622148361187, 874.5), (60.22937652159487, -73.15002913935443)
((7, 3), (5, 5), (11, 2)), (426.38784067832273, 842.5), (54.64682382796118, -60.837052296863604)
((7, 3), (3, 7), (11, 2)), (370.9622148361186, 725.5), (59.432685855635775, -43.86985012459919)
((3, 3), (5, 5), (11, 2)), (281.8134665205268, 810.5), (69.35450635098677, -68.25211238924052)
((3, 3), (3, 7), (11, 2)), (257.49999999999994, 726.3878406783227), (70.67147285017451, -56.77825281193278)
((5, 5), (3, 7), (11, 2)), (251.0, 700.0), (70.72852771500217, -53.610003977635074)
((3, 15), (1, 11), (11, 2)), (170.96221483611868, 274.50000000000006), (64.66156920725071, -25.104436436033993)
((1, 11), (3, 7), (11, 2)), (200.0, 485.0), (68.95503618642337, -35.588860574764674)
